episode, reward, success, duration, steps, total_steps, memory length, avg_critic_loss, avg_actor_loss
1, -9970.849231123924, 2, 24.562201781999647, 1002, 25430,                                             25430, 21.838144302368164, 308.933837890625
2, -3646.7109081745148, 3, 8.888909815999796, 337, 25767,                                             25767, 21.918949127197266, 321.13226318359375
3, -4235.352793931961, 2, 9.921102912999231, 381, 26148,                                             26148, 22.747873306274414, 325.24395751953125
4, -3042.4081181287766, 3, 8.939098773000296, 344, 26492,                                             26492, 22.826906204223633, 332.01025390625
5, -4219.260655641556, 2, 8.136661622000247, 311, 26803,                                             26803, 22.797456741333008, 333.778076171875
6, -3934.195041656494, 2, 8.136512925999341, 317, 27120,                                             27120, 22.756786346435547, 336.6057434082031
7, -3264.4532058238983, 2, 8.119783172999632, 313, 27433,                                             27433, 23.332359313964844, 340.29705810546875
8, -4058.5900106430054, 3, 9.134370225000566, 351, 27784,                                             27784, 23.991411209106445, 343.0617980957031
9, 2353.205938577652, 1, 4.307357596999282, 159, 27943,                                             27943, 23.476255416870117, 344.27972412109375
10, -3580.444772720337, 2, 8.122303977999763, 308, 28251,                                             28251, 23.786813735961914, 347.9382629394531
11, -6330.647359132767, 2, 19.824885547999656, 766, 29017,                                             29017, 24.15656280517578, 354.4828796386719
12, -3832.733398914337, 2, 10.928368326000054, 413, 29430,                                             29430, 24.259931564331055, 361.8183898925781
13, -3595.816546678543, 2, 7.129516463999607, 273, 29703,                                             29703, 23.388282775878906, 365.30352783203125
14, -3438.535444498062, 2, 7.731752040999709, 299, 30002,                                             30002, 25.075584411621094, 370.5989074707031
15, -4475.468039512634, 2, 10.136277735000476, 396, 30398,                                             30398, 25.22371482849121, 375.56591796875
16, -3435.1849629879, 2, 7.520099624000068, 286, 30684,                                             30684, 26.30673599243164, 383.49786376953125
17, 2024.3732932806015, 1, 8.739256806000412, 334, 31018,                                             31018, 26.45757293701172, 381.1636047363281
18, -2964.5847123861313, 2, 5.313915212000211, 198, 31216,                                             31216, 27.012224197387695, 390.4349365234375
19, -3409.684895992279, 2, 5.92831358300009, 225, 31441,                                             31441, 25.68724250793457, 392.9500427246094
20, -2701.1640381217003, 2, 5.3307430989998466, 207, 31648,                                             31648, 24.22102928161621, 388.36895751953125
21, -6187.046930670738, 2, 18.558412440999746, 709, 32357,                                             32357, 27.313095092773438, 404.58740234375
22, -3245.2543988227844, 2, 5.728102789999866, 222, 32579,                                             32579, 26.79290771484375, 418.3825988769531
23, -8075.043904304504, 2, 23.976753779999854, 918, 33497,                                             33497, 27.564434051513672, 425.5790100097656
24, -3012.8533930778503, 2, 5.314720758000476, 181, 33678,                                             33678, 27.26432991027832, 432.6949768066406
25, -3038.038472890854, 2, 5.9154765840003165, 215, 33893,                                             33893, 30.08931541442871, 434.0108337402344
26, -3629.848824262619, 2, 6.528622769000322, 253, 34146,                                             34146, 29.103443145751953, 442.6330261230469
27, -3104.976534128189, 2, 5.124392736000118, 196, 34342,                                             34342, 30.3797607421875, 445.6625061035156
28, -2850.52641415596, 2, 4.925876397000138, 185, 34527,                                             34527, 28.706645965576172, 446.368408203125
29, -2789.416766524315, 2, 5.513119072000336, 206, 34733,                                             34733, 29.114118576049805, 453.0679626464844
30, -3171.0018208026886, 2, 5.724007674999484, 220, 34953,                                             34953, 29.506534576416016, 449.2704162597656
31, -4369.839040279388, 2, 12.785847805999765, 485, 35438,                                             35438, 31.585838317871094, 456.9632873535156
32, -3319.802962779999, 2, 10.940924358000302, 422, 35860,                                             35860, 31.041913986206055, 463.4954528808594
33, -3337.0598781108856, 2, 5.529669522000404, 212, 36072,                                             36072, 29.040374755859375, 466.09600830078125
34, -2877.1856649518013, 2, 5.929642447000333, 225, 36297,                                             36297, 32.42152404785156, 470.26263427734375
35, -5008.701835930347, 3, 15.134731390000525, 580, 36877,                                             36877, 31.253211975097656, 474.4453125
36, -2931.7088961601257, 2, 5.527646387000459, 213, 37090,                                             37090, 31.108352661132812, 477.05535888671875
37, -2869.720653295517, 2, 5.526020031999906, 207, 37297,                                             37297, 30.65800666809082, 476.6114196777344
38, -3380.6703205108643, 2, 6.1268062679992, 231, 37528,                                             37528, 31.659448623657227, 482.33319091796875
39, -9987.130630254745, 2, 45.033970186999795, 1746, 39274,                                             39274, 33.04528045654297, 490.6078186035156
40, -4927.127135276794, 2, 17.557421270000305, 682, 39956,                                             39956, 34.29819869995117, 504.522216796875
41, -2856.3462584018707, 2, 5.930353526000545, 214, 40170,                                             40170, 34.66535949707031, 513.9861450195312
42, -3804.095552921295, 2, 13.340540746999977, 518, 40688,                                             40688, 34.34801483154297, 513.834228515625
43, -6657.161821603775, 2, 14.14902617899952, 552, 41240,                                             41240, 35.705322265625, 520.7108764648438
44, -2822.7955468297005, 2, 5.9130512000001545, 222, 41462,                                             41462, 35.7860221862793, 532.9974365234375
45, -8544.162645936012, 2, 24.578222663000815, 953, 42415,                                             42415, 36.24222946166992, 536.6607666015625
46, -3369.1466076374054, 2, 5.914912815999742, 216, 42631,                                             42631, 37.10441589355469, 538.4365844726562
47, -4040.7507150173187, 2, 13.34959833100038, 519, 43150,                                             43150, 37.71009826660156, 542.384521484375
48, -3447.1811785697937, 2, 6.531393078000292, 245, 43395,                                             43395, 38.6959342956543, 549.16650390625
49, -3703.557034254074, 2, 6.331445918999634, 243, 43638,                                             43638, 38.476280212402344, 555.470947265625
50, -5755.442752122879, 3, 21.553419785999722, 820, 44458,                                             44458, 39.83617401123047, 564.9671020507812
51, -3224.237367272377, 3, 8.974918912000248, 346, 44804,                                             44804, 39.90006637573242, 571.0792236328125
52, -3133.452166557312, 2, 6.3151123150000785, 236, 45040,                                             45040, 42.281394958496094, 573.747314453125
53, -3081.0835552215576, 2, 6.129018728000119, 233, 45273,                                             45273, 41.292022705078125, 574.1682739257812
54, -7774.822104334831, 2, 32.79520651599978, 1263, 46536,                                             46536, 40.553165435791016, 582.0410766601562
55, -3184.500383377075, 2, 5.527439185999356, 212, 46748,                                             46748, 41.66333770751953, 593.7163696289062
56, -2649.3390126228333, 2, 5.914962589999959, 217, 46965,                                             46965, 43.077354431152344, 594.7544555664062
57, -3445.4484226703644, 2, 5.926991012999679, 228, 47193,                                             47193, 42.471595764160156, 596.0314331054688
58, -6844.512854456902, 3, 26.366689541000596, 1016, 48209,                                             48209, 43.866966247558594, 608.0731201171875
59, -3114.3559247255325, 2, 6.530082033000326, 249, 48458,                                             48458, 42.532249450683594, 614.22314453125
60, -3682.2332417964935, 2, 7.319176907999463, 278, 48736,                                             48736, 43.05245590209961, 618.7861328125
61, -3512.7235969901085, 2, 12.80138234199967, 491, 49227,                                             49227, 44.03105926513672, 619.4338989257812
62, -3486.472980618477, 2, 9.549924882000596, 371, 49598,                                             49598, 44.05937957763672, 621.5499267578125
63, -8441.584384322166, 2, 22.548503076999623, 867, 50465,                                             50465, 45.380340576171875, 631.82177734375
64, -5853.683968782425, 3, 12.752632342000652, 490, 50955,                                             50955, 47.11486053466797, 643.046630859375
65, -4520.009357213974, 2, 12.53127616600068, 479, 51434,                                             51434, 47.74760055541992, 648.21728515625
66, -621.3039670586586, 1, 28.185558969999875, 1104, 52538,                                             52538, 48.35218811035156, 658.3417358398438
67, -4593.089321374893, 2, 4.5114863019998666, 163, 52701,                                             52701, 51.58008575439453, 673.8709716796875
68, -4126.976583242416, 2, 7.53269335799996, 286, 52987,                                             52987, 49.572879791259766, 676.308349609375
69, -3068.099732339382, 2, 7.1176369360000535, 265, 53252,                                             53252, 50.23532485961914, 672.2483520507812
70, -3504.92338681221, 2, 6.333362345999376, 244, 53496,                                             53496, 47.793846130371094, 673.9991455078125
71, -4100.938049554825, 3, 11.370609876000344, 429, 53925,                                             53925, 48.940155029296875, 677.6585083007812
72, -4824.03927063942, 2, 13.748179735000122, 524, 54449,                                             54449, 48.63071823120117, 685.5612182617188
73, -3565.419494867325, 2, 7.717432452000139, 286, 54735,                                             54735, 50.379150390625, 693.20068359375
74, -5125.969784975052, 2, 15.75484607099952, 615, 55350,                                             55350, 50.945152282714844, 699.4530029296875
75, -10758.035967111588, 2, 26.986114166000334, 1052, 56402,                                             56402, 50.4694709777832, 709.7442626953125
76, -3052.5104089975357, 2, 6.916921697000362, 261, 56663,                                             56663, 51.54086685180664, 716.426025390625
77, -4338.3410811424255, 2, 15.767630856000324, 508, 57171,                                             57171, 51.113746643066406, 718.92822265625
78, -4269.193353176117, 2, 17.770407588000126, 564, 57735,                                             57735, 51.74519348144531, 725.66162109375
79, -7237.005893588066, 2, 46.80987978600024, 1484, 59219,                                             59219, 51.94846725463867, 734.4280395507812
80, 1221.24107542634, 1, 15.561438831000487, 491, 59710,                                             59710, 52.634910583496094, 738.456787109375
81, -5621.197766423225, 2, 21.146684714000003, 675, 60385,                                             60385, 52.68567657470703, 747.5241088867188
82, -10161.009123027325, 2, 48.238982662000126, 1542, 61927,                                             61927, 53.702110290527344, 759.2872924804688
83, 1134.6479936242104, 1, 12.151990125999873, 385, 62312,                                             62312, 54.444671630859375, 765.2019653320312
84, -6217.509570837021, 2, 19.750927920999857, 627, 62939,                                             62939, 54.69256591796875, 771.2008666992188
85, -6139.702079951763, 2, 37.62820686299983, 1197, 64136,                                             64136, 55.2746696472168, 775.3228149414062
86, -5665.434541344643, 2, 28.774696028000108, 912, 65048,                                             65048, 54.87609100341797, 782.3589477539062
87, -3240.0456504821777, 3, 9.944293075000132, 310, 65358,                                             65358, 56.77888870239258, 789.510498046875
88, -5281.301698923111, 2, 29.57378194499961, 924, 66282,                                             66282, 56.050357818603516, 789.3969116210938
89, -2655.86492395401, 1, 41.23304442999961, 1312, 67594,                                             67594, 56.069549560546875, 795.566162109375
90, -4830.284137547016, 2, 12.729516057000183, 390, 67984,                                             67984, 55.98029708862305, 793.9826049804688
91, -4169.866681694984, 3, 20.172059440999874, 639, 68623,                                             68623, 55.43732452392578, 790.9016723632812
92, 2326.6835609078407, 1, 4.71272078399943, 140, 68763,                                             68763, 56.53742599487305, 787.1268920898438
93, -5721.3082773685455, 3, 19.363248878000377, 614, 69377,                                             69377, 55.61742401123047, 790.5062255859375
94, -3903.718968987465, 3, 17.139700352000546, 545, 69922,                                             69922, 57.025814056396484, 796.2528076171875
95, -3470.3889243602753, 3, 11.146378207999987, 351, 70273,                                             70273, 55.06156539916992, 794.3138427734375
96, 1385.6329799294472, 1, 13.12969456600058, 411, 70684,                                             70684, 57.48554992675781, 793.419189453125
97, 1956.5280133485794, 1, 9.952459694999561, 314, 70998,                                             70998, 56.515716552734375, 797.6141967773438
98, -3935.0269580483437, 2, 20.95307797999976, 658, 71656,                                             71656, 54.61296844482422, 796.7244873046875
99, -6008.1339873075485, 4, 50.64353416599988, 1624, 73280,                                             73280, 54.92399597167969, 796.3280639648438
100, 2121.925567150116, 1, 6.336735755000518, 191, 73471,                                             73471, 55.03266143798828, 791.418212890625
101, -5435.47439289093, 4, 50.262696906999736, 1580, 75051,                                             75051, 55.12294387817383, 799.4945678710938
102, 1263.5191842317581, 1, 13.739527792000445, 424, 75475,                                             75475, 55.227806091308594, 803.0358276367188
103, -3282.368887782097, 2, 8.12235415000032, 251, 75726,                                             75726, 56.22176742553711, 803.1243286132812
104, -8297.151072382927, 4, 50.23602572499931, 1589, 77315,                                             77315, 54.66451644897461, 799.6936645507812
105, -3989.604932785034, 3, 16.767431430000215, 533, 77848,                                             77848, 53.590633392333984, 800.47119140625
106, -2709.939670920372, 2, 6.713407010000083, 207, 78055,                                             78055, 55.30857849121094, 799.4275512695312
107, -4203.959511637688, 3, 19.547086540000237, 620, 78675,                                             78675, 54.4248161315918, 799.9940185546875
108, -7220.153435230255, 4, 50.6516262640007, 1615, 80290,                                             80290, 56.2099609375, 802.260986328125
109, -6865.767933130264, 3, 41.00105410300057, 1306, 81596,                                             81596, 54.698768615722656, 802.3903198242188
110, 132.4987469315529, 1, 30.20906952199948, 958, 82554,                                             82554, 55.45249938964844, 802.0289916992188
111, -6736.400975108147, 3, 42.19684899399999, 1332, 83886,                                             83886, 54.821327209472656, 800.6951293945312
112, -4917.246563017368, 4, 49.858150090999516, 1571, 85457,                                             85457, 53.681575775146484, 795.551025390625
113, -6874.224532961845, 4, 49.8435197230001, 1717, 87174,                                             87174, 52.4111442565918, 794.8948974609375
114, -6815.143646478653, 4, 50.84606064400032, 1784, 88958,                                             88958, 52.6744270324707, 797.2239379882812
115, -4640.314846158028, 3, 21.15587936599968, 711, 89669,                                             89669, 52.10565948486328, 791.8076782226562
116, -4640.74734723568, 2, 19.173362870000346, 610, 90279,                                             90279, 51.479244232177734, 793.8348388671875
117, -6829.259480953217, 3, 36.19550864499979, 1169, 91448,                                             91448, 50.98143005371094, 789.6201171875
118, -5481.292237877846, 4, 50.02435771199998, 1794, 93242,                                             93242, 50.61030578613281, 789.7478637695312
119, -5041.762200832367, 3, 21.771668086000318, 780, 94022,                                             94022, 50.1088981628418, 783.7116088867188
120, -5452.713516294956, 4, 49.84051425799953, 1800, 95822,                                             95822, 49.856109619140625, 782.6639404296875
121, -6040.635139226913, 2, 34.80705281900009, 1152, 96974,                                             96974, 49.69841003417969, 783.3479614257812
122, -5811.607632339001, 4, 49.841962346999935, 1582, 98556,                                             98556, 49.53742599487305, 778.1819458007812
123, -5162.34881401062, 4, 50.0284428140003, 1575, 100131,                                             100131, 48.41508865356445, 772.6767578125
124, -5922.848234474659, 2, 32.396478742999534, 1021, 101152,                                             101152, 47.102989196777344, 770.4234619140625
125, -5969.695526719093, 4, 49.827178520000416, 1574, 102726,                                             102726, 47.25979232788086, 767.1345825195312
126, -5945.263199150562, 4, 49.84825977899982, 1578, 104304,                                             104304, 46.91670608520508, 766.6867065429688
127, -3606.063984155655, 2, 14.368714895000267, 452, 104756,                                             104756, 46.4808349609375, 761.47314453125
128, -6020.727351784706, 2, 28.969636125999386, 905, 105661,                                             105661, 46.41167068481445, 760.5403442382812
129, -6628.488619327545, 4, 50.44678239199948, 1595, 107256,                                             107256, 45.587745666503906, 759.1246337890625
130, -6414.87163579464, 2, 34.01083274099983, 1070, 108326,                                             108326, 45.09328842163086, 754.78466796875
131, -4746.084072589874, 3, 21.746284483000636, 688, 109014,                                             109014, 44.86716079711914, 751.2230834960938
132, -4672.756122708321, 3, 21.559639205000167, 677, 109691,                                             109691, 44.984310150146484, 750.4086303710938
133, -4426.718041062355, 3, 20.368129478999435, 639, 110330,                                             110330, 44.87568283081055, 748.5114135742188
134, -4617.3572100400925, 3, 21.14934021299996, 665, 110995,                                             110995, 43.72410202026367, 750.376708984375
135, -4015.590690612793, 3, 17.755280003000735, 564, 111559,                                             111559, 43.43025588989258, 744.6430053710938
136, -5621.322343111038, 3, 32.17964245100029, 1013, 112572,                                             112572, 43.392303466796875, 742.1597900390625
137, -5797.013697743416, 4, 50.22968105500058, 1576, 114148,                                             114148, 43.46546936035156, 740.3324584960938
138, -7001.436169564724, 2, 35.0142552719999, 1098, 115246,                                             115246, 42.859981536865234, 733.5738525390625
139, -4035.527198910713, 2, 17.7685106859999, 565, 115811,                                             115811, 41.76436233520508, 735.5752563476562
140, -4550.641583681107, 3, 21.380477108000377, 671, 116482,                                             116482, 42.16625213623047, 733.1412963867188
141, -7114.082354068756, 3, 25.985490973000196, 816, 117298,                                             117298, 42.748477935791016, 732.445068359375
142, -4828.798906207085, 3, 22.953378110999438, 723, 118021,                                             118021, 42.08454513549805, 728.8330688476562
143, -4147.873682379723, 3, 20.37333605099957, 640, 118661,                                             118661, 41.47749710083008, 724.1531372070312
144, 2286.7686633467674, 1, 4.912284680000084, 145, 118806,                                             118806, 42.15982437133789, 730.5162963867188
145, -2071.501404643059, 1, 36.61983226600023, 1158, 119964,                                             119964, 40.81034469604492, 723.70458984375
146, -5180.565348148346, 4, 50.632329478999964, 1604, 121568,                                             121568, 40.636634826660156, 718.809326171875
147, -3161.3795170783997, 2, 13.161119997000242, 414, 121982,                                             121982, 40.29558563232422, 715.3172607421875
148, -4362.186234474182, 3, 21.55353948500033, 670, 122652,                                             122652, 40.89122009277344, 713.4052734375
149, -4076.805170893669, 3, 18.776690698000493, 587, 123239,                                             123239, 39.90401840209961, 711.5873413085938
150, -5225.7600517869, 3, 23.363775071999953, 730, 123969,                                             123969, 40.0523796081543, 711.2642822265625
151, 377.9886157512665, 1, 23.971186200000375, 744, 124713,                                             124713, 40.125, 710.390380859375
152, -3486.9340188503265, 2, 11.933554721000291, 366, 125079,                                             125079, 40.062564849853516, 706.9270629882812
153, -55.59938660264015, 1, 26.996724757000266, 857, 125936,                                             125936, 39.57377624511719, 709.1610717773438
154, 728.7439203858376, 1, 20.347240831000818, 640, 126576,                                             126576, 39.17559051513672, 703.4580688476562
155, -4056.98481798172, 2, 17.975977119000163, 566, 127142,                                             127142, 39.02598190307617, 705.8781127929688
156, -4384.480443954468, 2, 21.554412104999756, 668, 127810,                                             127810, 39.056922912597656, 702.3997802734375
157, -7328.129222393036, 2, 45.84411304600053, 1452, 129262,                                             129262, 38.44036865234375, 699.7985229492188
158, -7011.012906908989, 3, 33.78843026300001, 1063, 130325,                                             130325, 38.88587188720703, 699.1859741210938
159, -2061.4137169122696, 1, 45.83437274100015, 1449, 131774,                                             131774, 38.58747863769531, 693.6480102539062
160, -4600.693335056305, 4, 50.62114873500013, 1596, 133370,                                             133370, 38.022212982177734, 690.810302734375
161, -5586.342218160629, 2, 30.5996601679999, 953, 134323,                                             134323, 38.292236328125, 686.5459594726562
162, -5476.657439291477, 4, 50.45469903400044, 1596, 135919,                                             135919, 37.33161926269531, 683.67138671875
163, -5139.242388129234, 3, 26.971346899999844, 840, 136759,                                             136759, 37.1876106262207, 679.20849609375
164, -6403.997881293297, 3, 34.18347412899857, 1072, 137831,                                             137831, 36.772125244140625, 680.233642578125
165, -4104.511779844761, 3, 20.958945764999953, 643, 138474,                                             138474, 37.35373306274414, 677.7692260742188
166, -5604.299259185791, 4, 49.848605240000325, 1584, 140058,                                             140058, 36.27714157104492, 674.7001342773438
167, -5339.469760417938, 3, 29.77932860799956, 923, 140981,                                             140981, 36.44643783569336, 671.42626953125
168, -5808.083862900734, 3, 33.393647367000085, 1051, 142032,                                             142032, 35.787750244140625, 668.0802001953125
169, -5559.978267431259, 2, 31.203053684001134, 989, 143021,                                             143021, 36.154571533203125, 665.9097290039062
170, -5108.704946398735, 4, 49.840998941999715, 1573, 144594,                                             144594, 35.94476318359375, 664.0833129882812
171, -6040.011732697487, 4, 49.811428389000866, 1573, 146167,                                             146167, 35.37062072753906, 660.712158203125
172, -4067.999808371067, 3, 19.16641852599969, 599, 146766,                                             146766, 36.131072998046875, 660.1939086914062
173, -5032.257872700691, 3, 29.577052532999005, 924, 147690,                                             147690, 35.77403259277344, 658.4501953125
174, -4749.345436453819, 3, 25.378621995001595, 793, 148483,                                             148483, 35.70046615600586, 655.2763061523438
175, -4446.096500635147, 3, 20.54876829999921, 642, 149125,                                             149125, 35.47547149658203, 651.7085571289062
176, -4600.580935955048, 3, 20.367669606999698, 640, 149765,                                             149765, 36.634490966796875, 654.5740966796875
177, -6627.731399297714, 3, 34.00769990200024, 1212, 150977,                                             150977, 35.14093780517578, 651.150390625
178, -5034.397650003433, 3, 21.351299955000286, 762, 151739,                                             151739, 35.179893493652344, 649.908935546875
179, -5360.106328547001, 3, 27.988355490000686, 999, 152738,                                             152738, 35.36458206176758, 649.147216796875
180, -6216.3431116342545, 4, 50.041005291001056, 1797, 154535,                                             154535, 35.15599822998047, 644.8568725585938
181, -5858.923215031624, 4, 49.83684710799935, 1768, 156303,                                             156303, 34.849246978759766, 639.7283935546875
182, -2672.507765352726, 1, 28.99031632599872, 1025, 157328,                                             157328, 34.376792907714844, 636.7520751953125
183, -7366.938183128834, 3, 48.42742539700157, 1714, 159042,                                             159042, 34.44624328613281, 632.3397827148438
184, -6302.810099363327, 4, 50.83379586999945, 1815, 160857,                                             160857, 34.32618713378906, 627.6558837890625
185, -5820.17240691185, 3, 30.995492431000457, 1101, 161958,                                             161958, 33.559051513671875, 624.4335327148438
186, -5540.501773715019, 3, 27.588556880999022, 984, 162942,                                             162942, 33.31949996948242, 622.52978515625
187, -3704.389225959778, 2, 9.523368389000098, 327, 163269,                                             163269, 34.888092041015625, 622.8645629882812
188, -6629.104531288147, 3, 34.605835521999325, 1238, 164507,                                             164507, 33.32235336303711, 619.1573486328125
189, -5962.081972062588, 4, 50.02702434400089, 1778, 166285,                                             166285, 33.39216232299805, 618.7899780273438
190, -6948.163130521774, 2, 35.20653504599977, 1257, 167542,                                             167542, 33.116764068603516, 615.4644775390625
191, -4535.213918924332, 2, 21.564512918001128, 769, 168311,                                             168311, 33.71087646484375, 614.5701904296875
192, -3228.8090236783028, 2, 11.14195680299963, 391, 168702,                                             168702, 33.78983688354492, 613.768798828125
193, -3516.0569937229156, 3, 9.33578314999977, 322, 169024,                                             169024, 33.09855270385742, 619.0969848632812
194, -4994.461138486862, 3, 24.18468334099998, 848, 169872,                                             169872, 32.96952819824219, 613.3761596679688
195, -2.471936583518982, 1, 25.985319912000705, 923, 170795,                                             170795, 33.84730529785156, 612.5623779296875
196, -4213.432952165604, 2, 7.518352766999669, 259, 171054,                                             171054, 33.64057922363281, 612.2413940429688
197, -5865.389259397984, 4, 50.034285853000256, 1780, 172834,                                             172834, 33.38369369506836, 611.3240966796875
198, -4487.435824036598, 3, 20.76657919900026, 730, 173564,                                             173564, 33.29133605957031, 609.511474609375
199, -4174.470394730568, 3, 16.761664227000438, 592, 174156,                                             174156, 33.780338287353516, 608.3206176757812
200, -5103.772359251976, 3, 26.565163307001058, 929, 175085,                                             175085, 33.19879150390625, 606.8751831054688
201, -3632.7202211618423, 2, 13.600818536000588, 466, 175551,                                             175551, 33.099632263183594, 605.0090942382812
202, -6484.219491839409, 3, 26.57844210300027, 946, 176497,                                             176497, 33.86807632446289, 604.4304809570312
203, -3516.718007683754, 2, 10.54590854199887, 370, 176867,                                             176867, 33.73917770385742, 605.0238037109375
204, -5759.646992564201, 3, 26.78288397400138, 939, 177806,                                             177806, 33.65866470336914, 605.80029296875
205, -5856.009687542915, 3, 31.585763158998816, 1121, 178927,                                             178927, 34.25836944580078, 603.3040161132812
206, -5759.120687186718, 4, 50.224110532999475, 1783, 180710,                                             180710, 33.512664794921875, 600.5979614257812
207, -3612.6342895030975, 2, 10.5430290660006, 348, 181058,                                             181058, 32.707252502441406, 598.2388916015625
208, -4400.305408120155, 3, 21.575921800000287, 756, 181814,                                             181814, 34.13388442993164, 598.7125854492188
209, -6117.795164823532, 3, 33.400392457000635, 1193, 183007,                                             183007, 33.67684555053711, 598.85400390625
210, -3501.8355367183685, 2, 10.726647084000433, 370, 183377,                                             183377, 33.678592681884766, 598.1918334960938
211, -4174.99209010601, 3, 19.803035733999423, 707, 184084,                                             184084, 34.08656311035156, 596.3451538085938
212, -5347.283127784729, 4, 50.04886277700098, 1787, 185871,                                             185871, 33.99429702758789, 598.4385375976562
213, -4208.0187422037125, 3, 18.745015308000802, 648, 186519,                                             186519, 33.64179611206055, 594.4259643554688
214, 1496.4948832392693, 1, 11.747869234000973, 414, 186933,                                             186933, 35.00913619995117, 593.700439453125
215, -5924.812523841858, 4, 51.03363750599965, 1815, 188748,                                             188748, 33.977386474609375, 593.8814697265625
216, -5625.628737092018, 3, 23.160879197001123, 821, 189569,                                             189569, 33.8442497253418, 588.9534301757812
217, -6910.980446815491, 2, 41.82573809399946, 1492, 191061,                                             191061, 33.89116287231445, 589.6795654296875
218, -5341.92040681839, 4, 50.01926678299969, 1781, 192842,                                             192842, 33.9210205078125, 587.3821411132812
219, -5720.38417494297, 3, 28.191617517999475, 1000, 193842,                                             193842, 33.85380554199219, 584.9129638671875
220, -4894.528892993927, 3, 23.379515960999925, 826, 194668,                                             194668, 33.79558563232422, 583.225341796875
221, -2951.99858379364, 1, 43.43315080100001, 1539, 196207,                                             196207, 34.15321350097656, 581.633544921875
222, -228.5852448940277, 1, 32.40553357200042, 1138, 197345,                                             197345, 33.856590270996094, 582.6446533203125
223, -2780.119342803955, 3, 1.3185388410001906, 30, 197375,                                             197375, 35.54438781738281, 585.4335327148438
224, -5369.416988253593, 3, 24.975438330000543, 876, 198251,                                             198251, 33.56367111206055, 579.2771606445312
225, -1365.95882833004, 1, 35.80835252600082, 1281, 199532,                                             199532, 33.065765380859375, 577.2337036132812
226, -6014.838950634003, 4, 50.64643551500012, 1804, 201336,                                             201336, 34.12358093261719, 577.447021484375
227, -5359.654384493828, 3, 26.780529727000612, 951, 202287,                                             202287, 33.73036575317383, 576.51416015625
228, -5262.302958011627, 3, 28.390378633999717, 1017, 203304,                                             203304, 33.4852294921875, 570.75146484375
229, -8023.692187905312, 2, 40.00235790900115, 1417, 204721,                                             204721, 34.31570053100586, 572.2147827148438
230, -6512.553030967712, 2, 32.58353586599878, 1144, 205865,                                             205865, 33.85396194458008, 571.19384765625
231, -3944.603127717972, 2, 9.948798938001346, 348, 206213,                                             206213, 35.52766418457031, 570.8685913085938
232, -6578.655858874321, 3, 28.172772663001524, 999, 207212,                                             207212, 33.8521842956543, 571.6434326171875
233, -5219.573144555092, 3, 26.1882762919995, 930, 208142,                                             208142, 33.1291618347168, 568.7908325195312
234, -4970.237169265747, 3, 24.178100031000213, 860, 209002,                                             209002, 33.85224914550781, 568.6265869140625
235, -6401.72930085659, 4, 49.825780536999446, 1555, 210557,                                             210557, 33.68107604980469, 568.6985473632812
236, -4449.722838401794, 2, 15.15859002399884, 469, 211026,                                             211026, 34.4749641418457, 567.4232177734375
237, -5150.992877602577, 3, 27.76993080200009, 865, 211891,                                             211891, 34.191951751708984, 566.9210205078125
238, -7555.536761641502, 4, 50.64871821599991, 1565, 213456,                                             213456, 33.78681564331055, 565.4725341796875
239, -6236.957867145538, 4, 51.03283305200057, 1538, 214994,                                             214994, 33.993595123291016, 565.9253540039062
240, -3916.135167002678, 3, 15.561449385999367, 548, 215542,                                             215542, 33.692352294921875, 563.1961669921875
241, -3140.797705411911, 2, 8.2962014299992, 270, 215812,                                             215812, 34.177799224853516, 564.6165161132812
242, -5048.211159229279, 4, 50.2309596340001, 1686, 217498,                                             217498, 34.61715316772461, 564.3939208984375
243, -5933.212249159813, 2, 37.63124336299916, 1223, 218721,                                             218721, 34.609710693359375, 561.5286254882812
244, -5900.700670838356, 4, 50.03720717500073, 1623, 220344,                                             220344, 34.00338363647461, 560.739501953125
245, -4895.370460391045, 2, 23.95962948899978, 800, 221144,                                             221144, 34.463619232177734, 562.8464965820312
246, -4730.852551937103, 3, 22.578193471001214, 710, 221854,                                             221854, 34.99702453613281, 563.6659545898438
247, 2046.0615216493607, 1, 8.944672593001087, 303, 222157,                                             222157, 34.09536361694336, 558.785400390625
248, -4401.784074544907, 3, 15.945386080999015, 544, 222701,                                             222701, 33.95427703857422, 559.2494506835938
249, -5151.374749660492, 3, 24.378075356999034, 849, 223550,                                             223550, 35.2077522277832, 561.134033203125
250, -5428.709485471249, 4, 49.84406802099875, 1734, 225284,                                             225284, 33.936737060546875, 557.6826171875
251, -6062.943779051304, 4, 49.62892735999958, 1734, 227018,                                             227018, 33.789608001708984, 556.9326171875
252, -6201.3125603199005, 4, 50.02881765500024, 1748, 228766,                                             228766, 34.301971435546875, 557.6054077148438
253, -4358.542710900307, 3, 22.57885842900032, 744, 229510,                                             229510, 34.09922790527344, 557.4663696289062
254, -5054.465425491333, 3, 24.75529951200042, 871, 230381,                                             230381, 33.659149169921875, 555.453125
255, -6765.445829153061, 3, 28.39058119800029, 1002, 231383,                                             231383, 34.352149963378906, 558.4165649414062
256, -7234.676031708717, 2, 30.984491635999802, 1092, 232475,                                             232475, 34.52230453491211, 556.2359008789062
257, -5227.7119200229645, 4, 50.05332974799967, 1748, 234223,                                             234223, 35.24101257324219, 559.5380859375
258, -5377.348691999912, 3, 30.998138516000836, 1078, 235301,                                             235301, 34.73155975341797, 558.0751953125
259, -4304.4839398264885, 3, 19.572452444999726, 545, 235846,                                             235846, 34.711124420166016, 558.222412109375
260, -7478.70004940033, 4, 50.24703602199952, 1596, 237442,                                             237442, 35.30116653442383, 559.5593872070312
261, -5626.59929049015, 3, 31.17764575000001, 1064, 238506,                                             238506, 35.60122299194336, 559.949951171875
262, -1778.4536426067352, 1, 42.82635470199966, 1443, 239949,                                             239949, 35.72612762451172, 557.91748046875
263, -4939.749346733093, 4, 50.83842104799987, 1711, 241660,                                             241660, 35.04207229614258, 557.6865234375
264, -6005.775632381439, 4, 50.64680523899915, 1704, 243364,                                             243364, 35.28449249267578, 557.2059936523438
265, -3397.771585524082, 2, 11.733331448000172, 390, 243754,                                             243754, 33.81364059448242, 553.1651611328125
266, -6326.3451862335205, 4, 51.04436823099968, 1721, 245475,                                             245475, 35.55890655517578, 556.2460327148438
267, -10505.635418772697, 2, 50.033944139000596, 1620, 247095,                                             247095, 35.09916305541992, 555.9876098632812
268, -6696.363232314587, 2, 35.79498859699925, 1163, 248258,                                             248258, 36.048583984375, 555.3155517578125
269, -6575.059474468231, 2, 28.38410868900064, 951, 249209,                                             249209, 36.00922775268555, 557.3206787109375
270, -5581.490542292595, 2, 31.195440712001073, 1027, 250236,                                             250236, 35.62041091918945, 556.7702026367188
271, -5675.358488917351, 2, 17.925517932999355, 587, 250823,                                             250823, 35.4189453125, 556.76416015625
272, -3952.4374080896378, 3, 16.964321982999536, 582, 251405,                                             251405, 35.69881820678711, 556.5324096679688
273, -7512.681344687939, 4, 50.02213146499889, 1745, 253150,                                             253150, 36.1832160949707, 559.8893432617188
274, -4287.854354381561, 2, 14.350410909999482, 486, 253636,                                             253636, 36.14762878417969, 557.1774291992188
275, -6704.169366836548, 3, 29.373989673000324, 1019, 254655,                                             254655, 35.487953186035156, 558.5018310546875
276, -6983.1080958247185, 2, 36.1930570379991, 1247, 255902,                                             255902, 36.450035095214844, 556.0028076171875
277, -6432.315589427948, 2, 30.389715642999363, 1041, 256943,                                             256943, 35.912384033203125, 557.0576782226562
278, -2984.6100277900696, 3, 8.538652320001347, 284, 257227,                                             257227, 35.417362213134766, 555.9415893554688
279, -7356.111723542213, 2, 36.38974363499983, 1269, 258496,                                             258496, 35.36651611328125, 556.0706176757812
280, -5193.346126317978, 3, 26.98038365999855, 948, 259444,                                             259444, 34.848480224609375, 553.9915161132812
281, -6021.047382354736, 2, 28.36842141499983, 992, 260436,                                             260436, 36.63512420654297, 556.6786499023438
282, -6540.300570487976, 4, 50.63536861299872, 1787, 262223,                                             262223, 35.82886505126953, 555.0527954101562
283, -6633.170675754547, 2, 38.613089575999766, 1358, 263581,                                             263581, 35.377750396728516, 553.496337890625
284, -7340.76701259613, 2, 34.9934642219996, 1191, 264772,                                             264772, 35.03361892700195, 550.03466796875
285, 2275.746368288994, 1, 4.327304348000325, 140, 264912,                                             264912, 36.15986251831055, 555.9100952148438
286, -5206.628076374531, 3, 22.594378671001323, 725, 265637,                                             265637, 35.17618942260742, 552.6126098632812
287, -4028.254707336426, 3, 17.15672052700029, 583, 266220,                                             266220, 35.06181335449219, 552.1634521484375
288, -5250.053354144096, 3, 28.372248880999905, 965, 267185,                                             267185, 35.228389739990234, 552.2322387695312
289, -5818.077894806862, 2, 30.59082068099997, 1068, 268253,                                             268253, 35.3571662902832, 549.7345581054688
290, -5678.790057063103, 4, 49.848416954999266, 1696, 269949,                                             269949, 34.887054443359375, 549.1688842773438
291, -7198.389301240444, 2, 36.61103010499937, 1281, 271230,                                             271230, 35.56166076660156, 548.9058227539062
292, -5250.891918182373, 3, 26.767969243999687, 925, 272155,                                             272155, 34.77907943725586, 547.113525390625
293, -5302.804004073143, 3, 26.366082729000482, 913, 273068,                                             273068, 33.85966110229492, 546.5931396484375
294, -5566.5531077980995, 4, 49.84545112500018, 1743, 274811,                                             274811, 34.04604721069336, 543.01025390625
295, -6494.595492482185, 4, 49.84471693500018, 1725, 276536,                                             276536, 33.78539276123047, 542.561767578125
296, -6642.8238624334335, 4, 49.8439043110011, 1738, 278274,                                             278274, 33.17256164550781, 540.8736572265625
297, -5831.924597084522, 4, 49.64277120299994, 1740, 280014,                                             280014, 32.67970657348633, 539.0017700195312
298, -5058.681289315224, 3, 24.17410428600124, 834, 280848,                                             280848, 32.14707565307617, 537.4434814453125
299, -5989.31528377533, 4, 49.86188485299863, 1754, 282602,                                             282602, 32.17057800292969, 537.26416015625
300, -5380.437863111496, 3, 25.77866977099984, 899, 283501,                                             283501, 32.22682189941406, 535.2826538085938
301, -5499.9909536242485, 3, 26.913706193001417, 942, 284443,                                             284443, 32.097110748291016, 533.2075805664062
302, -5544.160484910011, 4, 49.83817005399942, 1750, 286193,                                             286193, 31.504514694213867, 533.2432861328125
303, -6760.21436214447, 4, 49.84647623899946, 1750, 287943,                                             287943, 31.751243591308594, 532.7229614257812
304, -1798.6813626289368, 1, 30.7956062939993, 1085, 289028,                                             289028, 31.52665901184082, 530.8616943359375
305, -8590.320214390755, 3, 46.63095818799957, 1642, 290670,                                             290670, 31.15199851989746, 530.842529296875
306, -4995.242091298103, 3, 25.977960545000315, 908, 291578,                                             291578, 31.538976669311523, 531.8583374023438
307, -5442.506176710129, 4, 50.02590944900112, 1756, 293334,                                             293334, 31.301830291748047, 527.9656372070312
308, -5875.57112133503, 3, 26.1910367269993, 921, 294255,                                             294255, 30.86586570739746, 528.6915283203125
309, -5860.827038884163, 3, 31.577360537999994, 1096, 295351,                                             295351, 30.703744888305664, 529.3905029296875
310, -5637.66417491436, 3, 28.1900129020014, 981, 296332,                                             296332, 30.16932487487793, 525.6508178710938
311, -5096.698224425316, 3, 25.98084789600034, 882, 297214,                                             297214, 30.640365600585938, 526.2612915039062
312, -5661.196761965752, 3, 27.56875009400028, 957, 298171,                                             298171, 30.412540435791016, 527.7874755859375
313, -7582.61245983839, 4, 50.647468444998594, 1779, 299950,                                             299950, 30.591583251953125, 524.5453491210938
314, -1558.6448479294777, 1, 40.223715378000634, 1415, 301365,                                             301365, 30.331266403198242, 526.2604370117188
315, -5556.182770848274, 3, 33.404726859998846, 1149, 302514,                                             302514, 30.759220123291016, 524.5591430664062
316, -5016.095179498196, 3, 24.581109923999975, 859, 303373,                                             303373, 30.56383514404297, 522.3168334960938
317, -5766.709261357784, 2, 30.601722559000336, 1073, 304446,                                             304446, 31.457223892211914, 524.3220825195312
318, -5581.259814977646, 4, 49.81911273500009, 1758, 306204,                                             306204, 30.856372833251953, 524.5079345703125
319, -5443.698984622955, 3, 25.776146672000323, 896, 307100,                                             307100, 31.094877243041992, 524.8582763671875
320, -7051.533770084381, 2, 33.19022658199901, 1156, 308256,                                             308256, 31.505788803100586, 524.1206665039062
321, -4969.785891413689, 3, 24.568750690999877, 855, 309111,                                             309111, 30.635711669921875, 523.0307006835938
322, -6217.992867350578, 4, 50.235044189999826, 1740, 310851,                                             310851, 30.978538513183594, 523.83203125
323, -5764.889248251915, 4, 50.440095015001134, 1754, 312605,                                             312605, 30.9075870513916, 521.569580078125
324, -5322.054872751236, 3, 25.563616090001233, 890, 313495,                                             313495, 30.443403244018555, 518.9711303710938
325, -5476.273838460445, 3, 27.388341115000003, 953, 314448,                                             314448, 30.678741455078125, 517.7090454101562
326, -6741.055034399033, 4, 50.02607335599896, 1741, 316189,                                             316189, 30.238506317138672, 518.4689331054688
327, -5979.913406610489, 3, 26.580439958999705, 933, 317122,                                             317122, 29.54698371887207, 517.616943359375
328, -5821.069283366203, 4, 50.01770468900031, 1736, 318858,                                             318858, 29.516178131103516, 513.8458862304688
329, -5893.967476785183, 4, 50.846932962998835, 1779, 320637,                                             320637, 29.81746482849121, 514.931884765625
330, -5656.765173971653, 3, 26.378124450999167, 919, 321556,                                             321556, 29.579219818115234, 514.314697265625
331, -5673.090303182602, 4, 49.98960649699984, 1741, 323297,                                             323297, 29.786413192749023, 513.9646606445312
332, -5775.3464369773865, 3, 31.77663992199996, 1098, 324395,                                             324395, 30.000879287719727, 513.0637817382812
333, -5274.253432571888, 4, 50.03494100700118, 1756, 326151,                                             326151, 29.400402069091797, 512.4664306640625
334, -4870.272143363953, 3, 24.358379280998633, 842, 326993,                                             326993, 29.567153930664062, 510.69500732421875
335, -3406.0638887882233, 2, 7.339531956999053, 259, 327252,                                             327252, 28.957170486450195, 509.4829406738281
336, -4972.117778539658, 3, 23.57107652600098, 819, 328071,                                             328071, 29.368505477905273, 510.82855224609375
337, -5797.292112469673, 4, 50.032433721000416, 1732, 329803,                                             329803, 29.71135902404785, 509.46734619140625
338, -5303.242219984531, 4, 50.64072666099855, 1767, 331570,                                             331570, 29.3071346282959, 510.9808654785156
339, -6557.724206566811, 4, 50.036578670999006, 1737, 333307,                                             333307, 29.491743087768555, 510.9380798339844
340, -6462.601404488087, 2, 33.596243351999874, 1172, 334479,                                             334479, 29.849992752075195, 509.3996276855469
341, -6069.378348350525, 4, 49.828778078999676, 1739, 336218,                                             336218, 29.854610443115234, 509.36688232421875
342, -5392.017394006252, 4, 50.031939120999596, 1742, 337960,                                             337960, 29.251510620117188, 507.9385986328125
343, -5496.001274108887, 4, 50.628692571999636, 1767, 339727,                                             339727, 29.182151794433594, 507.905029296875
344, -6294.426701366901, 3, 31.178592768999806, 1078, 340805,                                             340805, 29.212078094482422, 507.1368408203125
345, -5746.642803490162, 4, 50.641814193000755, 1760, 342565,                                             342565, 29.388198852539062, 504.660888671875
346, -5281.677412748337, 3, 25.767329140000584, 888, 343453,                                             343453, 28.237911224365234, 505.1351013183594
347, -3291.1688792705536, 2, 7.535833040001307, 255, 343708,                                             343708, 30.01327133178711, 504.72930908203125
348, -5096.150099515915, 3, 26.973770664000767, 926, 344634,                                             344634, 29.476734161376953, 503.8195495605469
349, -6422.224149346352, 4, 50.65181624900106, 1758, 346392,                                             346392, 28.786386489868164, 503.180419921875
350, -6688.520897984505, 4, 49.84139452399904, 1730, 348122,                                             348122, 28.315584182739258, 499.8656921386719
351, -4920.848960876465, 3, 24.932802093000646, 858, 348980,                                             348980, 28.842243194580078, 500.80255126953125
352, -5212.9681904911995, 4, 50.02377390999936, 1723, 350703,                                             350703, 28.5841007232666, 499.7769775390625
353, -6087.201326608658, 3, 26.18419021000045, 899, 351602,                                             351602, 28.210582733154297, 498.25927734375
354, -5319.2395741939545, 3, 23.577812569999878, 817, 352419,                                             352419, 29.149024963378906, 499.0918273925781
355, -6012.020074009895, 4, 49.82794165899941, 1734, 354153,                                             354153, 28.530019760131836, 497.40081787109375
356, -5613.772581338882, 3, 31.000644494999506, 1075, 355228,                                             355228, 27.975021362304688, 498.31463623046875
357, -1505.336931347847, 1, 38.9962117110008, 1346, 356574,                                             356574, 28.200143814086914, 495.8758850097656
358, -4406.686384022236, 4, 50.63862743000027, 1741, 358315,                                             358315, 28.13633918762207, 494.55950927734375
359, -4888.564388394356, 3, 22.568805285000053, 778, 359093,                                             359093, 28.290647506713867, 494.97686767578125
360, -5794.406025469303, 4, 49.64028914899973, 1729, 360822,                                             360822, 27.852222442626953, 493.7972717285156
361, -6440.342384815216, 3, 29.562088271999528, 1025, 361847,                                             361847, 27.216005325317383, 491.1203918457031
362, -3150.8722064495087, 2, 6.915905146999648, 231, 362078,                                             362078, 26.663761138916016, 489.8379211425781
363, 2376.2516465187073, 1, 4.312572576998718, 138, 362216,                                             362216, 27.792110443115234, 492.85528564453125
364, -3893.5355771780014, 3, 15.357432026999959, 535, 362751,                                             362751, 27.84382438659668, 492.0728454589844
365, -6001.780205011368, 3, 21.953776784999718, 753, 363504,                                             363504, 27.76668930053711, 492.68621826171875
366, -5832.575163722038, 3, 25.98208712899941, 909, 364413,                                             364413, 27.465150833129883, 490.5465393066406
367, -6805.813849031925, 4, 50.0425876090012, 1726, 366139,                                             366139, 28.205760955810547, 489.5334167480469
368, -5678.894489526749, 3, 28.387147375000495, 983, 367122,                                             367122, 27.901744842529297, 490.07867431640625
369, -1208.6895983815193, 1, 36.99874203900072, 1274, 368396,                                             368396, 28.448274612426758, 490.1028747558594
370, -6003.998504161835, 3, 38.21199088499998, 1309, 369705,                                             369705, 27.958473205566406, 487.9685363769531
371, -5848.490988850594, 3, 32.55435902099998, 1127, 370832,                                             370832, 27.596006393432617, 486.26885986328125
372, -3560.8652515411377, 2, 7.535278625999126, 258, 371090,                                             371090, 27.584806442260742, 483.7938537597656
373, -4619.8654243946075, 3, 21.761476856001536, 737, 371827,                                             371827, 28.268590927124023, 486.54974365234375
374, -9404.94956111908, 2, 35.20763102199999, 1212, 373039,                                             373039, 27.80760383605957, 488.03729248046875
375, -5451.083791911602, 3, 33.18417108699941, 1142, 374181,                                             374181, 27.85099983215332, 485.2278747558594
376, -5935.508120596409, 3, 32.59642522699869, 1129, 375310,                                             375310, 28.32343292236328, 486.7615051269531
377, -5247.350456237793, 3, 26.585162527000648, 901, 376211,                                             376211, 28.095369338989258, 486.3561096191406
378, -5366.56615293026, 4, 49.83366871099861, 1718, 377929,                                             377929, 28.38670539855957, 487.12841796875
379, 1660.0116470456123, 1, 10.73027397199985, 366, 378295,                                             378295, 28.425626754760742, 485.6705017089844
380, 615.5269230008125, 1, 22.37355229000059, 778, 379073,                                             379073, 27.9254093170166, 483.6121520996094
381, -6875.57767701149, 3, 42.355645841000296, 1464, 380537,                                             380537, 28.42133331298828, 485.8476867675781
382, -5380.632031023502, 4, 50.63690961700013, 1749, 382286,                                             382286, 28.622045516967773, 483.9849548339844
383, -4934.06438601017, 3, 25.159385461000056, 862, 383148,                                             383148, 29.13759994506836, 484.6163635253906
384, -5628.290278315544, 3, 29.385393386999567, 1017, 384165,                                             384165, 28.115882873535156, 482.4830322265625
385, -6375.7374286055565, 2, 33.17767989800086, 1134, 385299,                                             385299, 28.26813316345215, 484.443603515625
386, -5780.388124346733, 4, 50.63974408499962, 1746, 387045,                                             387045, 28.577760696411133, 484.3520202636719
387, -1511.6603027582169, 1, 33.984397139000066, 1151, 388196,                                             388196, 28.54676055908203, 482.7479248046875
388, -7429.176037847996, 2, 47.44348933400033, 1614, 389810,                                             389810, 28.60409164428711, 482.82147216796875
389, 2255.097997903824, 1, 4.528907919999256, 155, 389965,                                             389965, 27.516462326049805, 478.158935546875
390, -7915.0470960736275, 2, 40.01239107699985, 1359, 391324,                                             391324, 28.558229446411133, 483.6241760253906
391, -4491.138802826405, 2, 19.745730052, 674, 391998,                                             391998, 28.75957679748535, 483.41131591796875
392, -6064.999139785767, 3, 34.001462214999265, 1153, 393151,                                             393151, 28.696849822998047, 482.80084228515625
393, -3383.3087198734283, 2, 10.142456391999076, 339, 393490,                                             393490, 28.862485885620117, 481.5892333984375
394, -5350.443697631359, 3, 31.577042939999956, 1082, 394572,                                             394572, 28.62230110168457, 481.3563232421875
395, -4982.429249048233, 3, 19.36702665700068, 664, 395236,                                             395236, 29.87653923034668, 482.62249755859375
396, -5964.175525248051, 3, 21.555828311998994, 729, 395965,                                             395965, 28.41042137145996, 481.1996765136719
397, 1505.4671848416328, 1, 12.142224679999345, 418, 396383,                                             396383, 29.838022232055664, 481.1527404785156
398, -2718.7274665236473, 3, 8.121655556000405, 272, 396655,                                             396655, 29.00921058654785, 478.8848876953125
399, -5870.214023590088, 4, 50.64064247799979, 1748, 398403,                                             398403, 28.799880981445312, 480.3620910644531
400, -4753.66603076458, 2, 21.57890689099986, 739, 399142,                                             399142, 29.313678741455078, 481.41961669921875
401, -4389.988018512726, 2, 18.206807368000227, 623, 399765,                                             399765, 29.37546157836914, 481.53668212890625
402, -5427.498406350613, 4, 50.04487278800116, 1719, 401484,                                             401484, 29.03488540649414, 481.4341125488281
403, -6904.166065096855, 3, 33.18283126499955, 1117, 402601,                                             402601, 28.929046630859375, 481.4403076171875
404, -6203.244207680225, 4, 50.64210828999967, 1734, 404335,                                             404335, 28.960554122924805, 480.3863525390625
405, 2361.9421401023865, 1, 4.126761085999533, 140, 404475,                                             404475, 28.798336029052734, 480.1856689453125
406, -3608.224475443363, 3, 14.135098441000082, 479, 404954,                                             404954, 28.92229461669922, 478.61737060546875
407, -5076.063629746437, 3, 27.386277513000095, 938, 405892,                                             405892, 28.774038314819336, 479.0235290527344
408, -5218.065378665924, 4, 49.84674078399803, 1709, 407601,                                             407601, 29.233051300048828, 480.427001953125
409, -1036.2477985918522, 1, 34.196565477999684, 1156, 408757,                                             408757, 28.74789810180664, 479.0967102050781
410, -5665.351234674454, 4, 50.4250425249993, 1712, 410469,                                             410469, 29.043354034423828, 478.6196594238281
411, -5602.70622587204, 2, 28.12219809599992, 955, 411424,                                             411424, 28.600149154663086, 476.18829345703125
412, -7271.398926496506, 4, 50.64552106499832, 1703, 413127,                                             413127, 28.588991165161133, 477.4932861328125
