episode, reward, success, duration, steps, total_steps, memory length, avg_critic_loss, avg_actor_loss
1, -1718.0780346542597, 2, 26.17749389000005, 1992, 50169,                                             50169, 0.024262232705950737, -0.12905888259410858
2, -570.1405584067106, 2, 22.33138927799996, 732, 50901,                                             50901, 0.22679248452186584, -0.931826651096344
3, -412.3929998204112, 2, 21.37015549499995, 638, 51539,                                             51539, 0.21324674785137177, 0.49663862586021423
4, -343.2218173146248, 2, 20.150193411000032, 613, 52152,                                             52152, 0.2156233936548233, 1.776810646057129
5, -379.0954557955265, 2, 20.75650831200005, 632, 52784,                                             52784, 0.22435398399829865, 3.055941343307495
6, -465.25386922061443, 2, 29.794187491999992, 918, 53702,                                             53702, 0.2092801034450531, 4.647261142730713
7, -439.87341828644276, 2, 29.96958951099998, 917, 54619,                                             54619, 0.21151001751422882, 6.5104780197143555
8, -586.1286800801754, 2, 36.40030131499998, 1101, 55720,                                             55720, 0.20778340101242065, 8.494917869567871
9, -601.819099009037, 2, 36.79085237100003, 1137, 56857,                                             56857, 0.22373978793621063, 10.59565258026123
10, -339.10901717841625, 2, 17.559467685999948, 579, 57436,                                             57436, 0.21500977873802185, 12.165396690368652
11, -161.5124968327582, 2, 15.071318431000009, 490, 57926,                                             57926, 0.2271140068769455, 13.096613883972168
12, -325.61413066089153, 2, 17.95446515499998, 569, 58495,                                             58495, 0.22211189568042755, 14.002811431884766
13, -224.81365744769573, 2, 14.334694912000032, 485, 58980,                                             58980, 0.22721320390701294, 14.891444206237793
14, -306.59719429165125, 2, 18.357287860999804, 628, 59608,                                             59608, 0.23024533689022064, 15.795854568481445
15, -236.1781311929226, 2, 17.14318747199991, 581, 60189,                                             60189, 0.22895973920822144, 16.779582977294922
16, -207.32345712929964, 2, 13.135619243999827, 445, 60634,                                             60634, 0.2329728752374649, 17.591896057128906
17, -241.06719183921814, 2, 13.75147188699998, 470, 61104,                                             61104, 0.23806533217430115, 18.269601821899414
18, -157.5857405513525, 2, 12.350887545000205, 424, 61528,                                             61528, 0.23097260296344757, 18.948810577392578
19, -226.41039511561394, 2, 12.748662192999973, 439, 61967,                                             61967, 0.21622508764266968, 19.5768985748291
20, -213.15344182401896, 2, 13.332810331000019, 444, 62411,                                             62411, 0.2439243048429489, 20.223432540893555
21, -255.31713438034058, 2, 13.78140832400004, 472, 62883,                                             62883, 0.2397107034921646, 20.892602920532227
22, -190.13090217113495, 2, 12.95591599599993, 442, 63325,                                             63325, 0.23914314806461334, 21.52274513244629
23, -224.681403324008, 2, 12.746747264000078, 435, 63760,                                             63760, 0.25109779834747314, 22.09471321105957
24, -252.36470848321915, 2, 13.34413281000002, 454, 64214,                                             64214, 0.254551500082016, 22.70569610595703
25, -211.12838942557573, 2, 12.544589544000019, 425, 64639,                                             64639, 0.2510009706020355, 23.298112869262695
26, -237.75957396626472, 2, 13.740371029000016, 473, 65112,                                             65112, 0.25604793429374695, 23.857690811157227
27, -328.1052327603102, 2, 17.760484643000154, 607, 65719,                                             65719, 0.24008367955684662, 24.547168731689453
28, -196.07112303376198, 2, 12.933251616999996, 430, 66149,                                             66149, 0.24994374811649323, 25.20090103149414
29, -179.6954265013337, 2, 13.94598645200017, 477, 66626,                                             66626, 0.2565995752811432, 25.78160285949707
30, -218.7118488997221, 2, 12.553945641000155, 425, 67051,                                             67051, 0.25618088245391846, 26.327123641967773
31, 64.55658003687859, 1, 6.96172268600003, 226, 67277,                                             67277, 0.24525414407253265, 26.72441291809082
32, -202.08179712295532, 2, 9.943156255000076, 335, 67612,                                             67612, 0.2537813186645508, 27.02373695373535
33, -206.13428223133087, 2, 12.928551404000018, 428, 68040,                                             68040, 0.2574409544467926, 27.462562561035156
34, -271.17254354059696, 2, 15.755501399999957, 531, 68571,                                             68571, 0.26774561405181885, 28.00753402709961
35, -176.53402762115002, 2, 12.93273119399987, 432, 69003,                                             69003, 0.2620139420032501, 28.538949966430664
36, -233.68310809135437, 2, 12.34443707399987, 423, 69426,                                             69426, 0.2645234763622284, 29.02198600769043
37, -183.92857483774424, 2, 14.94837156199992, 510, 69936,                                             69936, 0.26733553409576416, 29.516685485839844
38, -282.51063311100006, 2, 16.345471394000015, 544, 70480,                                             70480, 0.2784624993801117, 30.107463836669922
39, -257.512905806303, 2, 13.351061009999967, 455, 70935,                                             70935, 0.27733901143074036, 30.59796714782715
40, -154.21467031538486, 2, 12.727679981999927, 427, 71362,                                             71362, 0.2880503535270691, 31.082420349121094
41, -206.19353646039963, 2, 13.192139518999966, 399, 71761,                                             71761, 0.267807275056839, 31.46567153930664
42, -203.73453909158707, 2, 14.548734083999989, 480, 72241,                                             72241, 0.26446887850761414, 31.926294326782227
43, -158.7797148451209, 2, 12.329489102000025, 412, 72653,                                             72653, 0.28965166211128235, 32.354244232177734
44, -237.11985060572624, 2, 12.947614218999888, 443, 73096,                                             73096, 0.2715969383716583, 32.77322006225586
45, -195.6300422400236, 2, 13.550873485000011, 460, 73556,                                             73556, 0.29578787088394165, 33.25299835205078
46, -196.4032455831766, 2, 11.942936714000098, 405, 73961,                                             73961, 0.28676143288612366, 33.6508674621582
47, -180.30201982706785, 2, 12.946134264999955, 435, 74396,                                             74396, 0.28099706768989563, 34.05934143066406
48, -242.27639754116535, 2, 15.735553213000003, 526, 74922,                                             74922, 0.292192667722702, 34.53341293334961
49, -143.88571527600288, 2, 12.135893118000013, 405, 75327,                                             75327, 0.2981882691383362, 34.93440246582031
50, -232.1714599877596, 2, 13.934895169000129, 454, 75781,                                             75781, 0.3124387860298157, 35.2736930847168
51, -160.5150359943509, 2, 12.216519801999993, 416, 76197,                                             76197, 0.2917793095111847, 35.73569869995117
52, -218.63162203878164, 2, 12.94403823599987, 435, 76632,                                             76632, 0.3094724714756012, 36.08271789550781
53, -264.96667382121086, 2, 14.933197185999916, 498, 77130,                                             77130, 0.2946775555610657, 36.518680572509766
54, -167.61213979125023, 2, 12.146488786999953, 406, 77536,                                             77536, 0.30949831008911133, 36.86043930053711
55, -260.7656226605177, 2, 14.952437781000071, 506, 78042,                                             78042, 0.314613401889801, 37.244083404541016
56, -191.3877771422267, 2, 12.72551284899987, 424, 78466,                                             78466, 0.32204052805900574, 37.63473129272461
57, -206.80260413885117, 2, 13.344470322999996, 444, 78910,                                             78910, 0.32086512446403503, 37.98691177368164
58, -175.39800064265728, 2, 12.735523192000073, 421, 79331,                                             79331, 0.3343276083469391, 38.33197021484375
59, -199.7305367588997, 2, 12.745189803999892, 428, 79759,                                             79759, 0.32154381275177, 38.655086517333984
60, -144.79811368882656, 2, 13.931124516999944, 461, 80220,                                             80220, 0.31796741485595703, 39.02025604248047
61, -214.9328955411911, 2, 11.985894508000001, 404, 80624,                                             80624, 0.3291252553462982, 39.29943084716797
62, -236.5796396881342, 2, 14.132284868999932, 471, 81095,                                             81095, 0.3247975707054138, 39.66559600830078
63, -162.11428759992123, 2, 13.14811529199983, 444, 81539,                                             81539, 0.3307817280292511, 40.04121017456055
64, -185.4100669324398, 2, 13.748979894000058, 456, 81995,                                             81995, 0.3338468670845032, 40.353851318359375
65, -201.33682203292847, 2, 13.350672841000005, 441, 82436,                                             82436, 0.3379594683647156, 40.675872802734375
66, -239.31374949216843, 2, 13.346036874999982, 441, 82877,                                             82877, 0.3339845836162567, 41.00004959106445
67, -180.79978703707457, 2, 11.943024132000119, 399, 83276,                                             83276, 0.32105690240859985, 41.294822692871094
68, -215.24330893158913, 2, 14.738103779999847, 485, 83761,                                             83761, 0.3359033763408661, 41.629676818847656
69, -192.47251105308533, 2, 12.94858037500012, 427, 84188,                                             84188, 0.3409407138824463, 41.96041488647461
70, -231.84613439440727, 2, 14.133491653999954, 469, 84657,                                             84657, 0.3523721396923065, 42.24528121948242
71, -164.70789424329996, 2, 12.783075331999953, 414, 85071,                                             85071, 0.35698702931404114, 42.524349212646484
72, -211.16752845048904, 2, 14.155538105000005, 476, 85547,                                             85547, 0.3517545759677887, 42.78587341308594
73, -214.45697033405304, 2, 12.74679276300003, 425, 85972,                                             85972, 0.3537219166755676, 43.09380340576172
74, -221.69417567551136, 2, 15.742610389999982, 520, 86492,                                             86492, 0.35959872603416443, 43.4295539855957
75, -256.52066844701767, 2, 14.734128435999992, 478, 86970,                                             86970, 0.34506770968437195, 43.72349548339844
76, -203.61673317849636, 2, 12.744880125000009, 426, 87396,                                             87396, 0.3567929267883301, 44.030120849609375
77, -207.81694372743368, 2, 14.349510647999978, 474, 87870,                                             87870, 0.3533768653869629, 44.289649963378906
78, -175.31325533241034, 2, 12.745729850000089, 424, 88294,                                             88294, 0.3620692193508148, 44.57203674316406
79, 65.47853733599186, 1, 6.92177539599993, 223, 88517,                                             88517, 0.38976097106933594, 44.649749755859375
80, -151.66024866700172, 2, 6.734548147999931, 222, 88739,                                             88739, 0.3667079210281372, 44.81371307373047
81, -221.29877588152885, 2, 12.580358574999991, 413, 89152,                                             89152, 0.3729977011680603, 44.989173889160156
82, -252.7573876902461, 2, 14.5496684929999, 490, 89642,                                             89642, 0.356163889169693, 45.30726623535156
83, -182.58284784853458, 2, 12.529774430000089, 412, 90054,                                             90054, 0.3715876340866089, 45.58174514770508
84, -179.95434472709894, 2, 13.954613030000019, 467, 90521,                                             90521, 0.3796369731426239, 45.79275131225586
85, -223.40124017000198, 2, 13.148466755999834, 431, 90952,                                             90952, 0.3809550404548645, 46.03431701660156
86, -135.6055697053671, 2, 11.740623615000004, 394, 91346,                                             91346, 0.38064172863960266, 46.280757904052734
87, -250.53398375213146, 2, 14.554448804000003, 483, 91829,                                             91829, 0.3790099322795868, 46.49652099609375
88, -181.70440483093262, 2, 12.943040880999888, 432, 92261,                                             92261, 0.3838696777820587, 46.72218704223633
89, -189.8314602598548, 2, 13.749928999000076, 457, 92718,                                             92718, 0.395522803068161, 46.9878044128418
90, 94.99962218850851, 1, 1.3021015359995545, 30, 92748,                                             92748, 0.3368055522441864, 47.05610656738281
91, 69.013328358531, 1, 6.382960682999965, 205, 92953,                                             92953, 0.3734689950942993, 47.08106994628906
92, -350.20547491312027, 2, 17.74590234399966, 583, 93536,                                             93536, 0.3997582495212555, 47.319942474365234
93, -140.91392485052347, 2, 12.142694237999876, 395, 93931,                                             93931, 0.42460617423057556, 47.683372497558594
94, -181.18883763998747, 2, 13.950151886000185, 466, 94397,                                             94397, 0.40777522325515747, 47.86281967163086
95, -228.4070035815239, 2, 15.135107856000104, 504, 94901,                                             94901, 0.41916951537132263, 48.144344329833984
96, -210.82016502320766, 2, 14.545738290999907, 487, 95388,                                             95388, 0.40899768471717834, 48.32654571533203
97, -257.938007324934, 2, 17.759448182000142, 585, 95973,                                             95973, 0.4448465406894684, 48.60536575317383
98, -167.5858107805252, 2, 13.54937592999977, 444, 96417,                                             96417, 0.44797083735466003, 48.80517578125
99, -239.78748375177383, 2, 14.756165428999793, 484, 96901,                                             96901, 0.4479581415653229, 48.96732711791992
100, -232.75282314419746, 2, 14.732622381000056, 485, 97386,                                             97386, 0.42744383215904236, 49.165950775146484
101, -170.69905441999435, 2, 13.505215816000145, 440, 97826,                                             97826, 0.41471531987190247, 49.42384719848633
102, -216.21474841237068, 2, 14.930702782000026, 491, 98317,                                             98317, 0.4249078929424286, 49.61433029174805
103, -184.88338142633438, 2, 13.947447838999778, 461, 98778,                                             98778, 0.42994701862335205, 49.79172897338867
104, -314.25503612309694, 2, 23.176676809000128, 773, 99551,                                             99551, 0.4318529963493347, 50.045074462890625
105, -263.014976516366, 2, 20.367744210000183, 673, 100224,                                             100224, 0.436590313911438, 50.352386474609375
106, -178.68986087292433, 2, 13.149411428999883, 437, 100661,                                             100661, 0.4536173641681671, 50.61579132080078
107, -238.3007510304451, 2, 14.356970585, 469, 101130,                                             101130, 0.44021153450012207, 50.81219482421875
108, -230.64536783099174, 2, 13.353227674000209, 443, 101573,                                             101573, 0.41691383719444275, 50.945491790771484
109, -176.24881160259247, 2, 13.13255709699979, 426, 101999,                                             101999, 0.4360356628894806, 51.102378845214844
110, -282.54658740758896, 2, 16.352484042000015, 544, 102543,                                             102543, 0.44598492980003357, 51.31758117675781
111, -140.29362838715315, 2, 12.346428973000002, 410, 102953,                                             102953, 0.450786828994751, 51.459083557128906
112, -224.67579555511475, 2, 14.533329648999825, 476, 103429,                                             103429, 0.4566739797592163, 51.68732452392578
113, -149.71020970493555, 2, 13.552526445999774, 448, 103877,                                             103877, 0.44045135378837585, 51.80835723876953
114, -240.8313353508711, 2, 15.540010234999954, 503, 104380,                                             104380, 0.4353184103965759, 51.97389221191406
115, -144.4768714532256, 2, 12.949278189999859, 428, 104808,                                             104808, 0.4456891715526581, 52.07823181152344
116, -212.1719650030136, 2, 14.550912285999857, 480, 105288,                                             105288, 0.4375655949115753, 52.275474548339844
117, -165.7219667211175, 2, 13.732991979999952, 448, 105736,                                             105736, 0.4416641592979431, 52.394325256347656
118, -207.28556966781616, 2, 15.351829018999979, 504, 106240,                                             106240, 0.46270328760147095, 52.46533966064453
119, -233.80889854580164, 2, 15.155109892999917, 500, 106740,                                             106740, 0.4529697299003601, 52.648277282714844
120, -237.85499438643456, 2, 17.14406331700002, 559, 107299,                                             107299, 0.4740418791770935, 52.75466537475586
121, 72.62827749550343, 1, 5.963413077000041, 188, 107487,                                             107487, 0.4876050651073456, 52.89224624633789
122, -174.21822062134743, 2, 8.938448906999838, 294, 107781,                                             107781, 0.4671824872493744, 53.0052604675293
123, -176.99106372892857, 2, 13.535925789999965, 438, 108219,                                             108219, 0.4684002697467804, 53.02509689331055
124, -224.69105730950832, 2, 13.953501848000087, 459, 108678,                                             108678, 0.4707331955432892, 53.05116271972656
125, -158.3873632401228, 2, 12.946496470999591, 420, 109098,                                             109098, 0.4507206380367279, 53.252437591552734
126, -235.76919628679752, 2, 13.934541537999849, 453, 109551,                                             109551, 0.4587509334087372, 53.43844985961914
127, -207.24771662056446, 2, 15.356514222999976, 497, 110048,                                             110048, 0.4708574712276459, 53.613399505615234
128, -294.19536858797073, 2, 18.14205288999983, 591, 110639,                                             110639, 0.47313550114631653, 53.63554382324219
129, -180.74537220597267, 2, 13.546375512000395, 444, 111083,                                             111083, 0.469693660736084, 53.76578903198242
130, -230.20342686772346, 2, 12.740107427999646, 419, 111502,                                             111502, 0.4780353903770447, 53.93381881713867
131, -293.9398355782032, 2, 17.76574001600011, 578, 112080,                                             112080, 0.4651113450527191, 54.05094528198242
132, -250.15703254938126, 2, 13.747361781999643, 453, 112533,                                             112533, 0.47585129737854004, 54.223182678222656
133, -171.00454779714346, 2, 13.546889388000181, 438, 112971,                                             112971, 0.4732242524623871, 54.36815643310547
134, -267.4868161082268, 2, 15.353138527999818, 503, 113474,                                             113474, 0.4764927327632904, 54.50607681274414
135, -174.17732102423906, 2, 12.749885705999986, 415, 113889,                                             113889, 0.4676942527294159, 54.63239288330078
136, -268.0930172353983, 2, 16.157430272000056, 528, 114417,                                             114417, 0.4718356132507324, 54.71797561645508
137, -222.18015098571777, 2, 14.150538538000092, 464, 114881,                                             114881, 0.4673523008823395, 54.8310432434082
138, -166.10008596628904, 2, 13.529623624000124, 437, 115318,                                             115318, 0.47641751170158386, 54.861122131347656
139, -280.78683549165726, 2, 16.543340867999632, 536, 115854,                                             115854, 0.5025530457496643, 55.049800872802734
140, -152.31135004013777, 2, 14.150775973000236, 455, 116309,                                             116309, 0.4783858060836792, 55.07083511352539
141, -214.35332176089287, 2, 15.770796652999707, 507, 116816,                                             116816, 0.485679030418396, 55.125274658203125
142, -270.1314123868942, 2, 15.939083251000284, 516, 117332,                                             117332, 0.4810418486595154, 55.34319305419922
143, -190.7937443330884, 2, 13.550141891999829, 440, 117772,                                             117772, 0.47049903869628906, 55.31748962402344
144, -165.85641291737556, 2, 13.333696636999775, 431, 118203,                                             118203, 0.4767320454120636, 55.416568756103516
145, -223.93614560365677, 2, 12.534361898000043, 408, 118611,                                             118611, 0.4708970785140991, 55.496559143066406
146, 63.16510297358036, 1, 8.333067425000081, 266, 118877,                                             118877, 0.47714200615882874, 55.592018127441406
147, -225.6398240327835, 2, 13.934559235000052, 447, 119324,                                             119324, 0.4997924566268921, 55.657596588134766
148, -218.9295621663332, 2, 13.954879899999924, 461, 119785,                                             119785, 0.48571258783340454, 55.67285919189453
149, -329.84059639275074, 2, 20.950152388000333, 669, 120454,                                             120454, 0.4797794222831726, 55.821170806884766
150, -273.90969571471214, 2, 15.754320972999722, 509, 120963,                                             120963, 0.4877268075942993, 55.953250885009766
151, -300.22735864669085, 2, 18.565562279999995, 602, 121565,                                             121565, 0.48892176151275635, 56.08177947998047
152, -134.16831377148628, 2, 13.549722580999969, 440, 122005,                                             122005, 0.48655468225479126, 56.173160552978516
153, -220.42015498876572, 2, 14.347480984999947, 464, 122469,                                             122469, 0.4723498225212097, 56.21472930908203
154, -254.52964901924133, 2, 15.152636576000077, 490, 122959,                                             122959, 0.49666959047317505, 56.23546600341797
155, -158.54077122360468, 2, 11.748574592000296, 384, 123343,                                             123343, 0.46642982959747314, 56.28619384765625
156, -204.94311920553446, 2, 16.136196357000244, 517, 123860,                                             123860, 0.5016828179359436, 56.39228820800781
157, -191.5203130543232, 2, 14.938193722000051, 477, 124337,                                             124337, 0.47505760192871094, 56.430633544921875
158, -265.4816094338894, 2, 15.758756068999901, 509, 124846,                                             124846, 0.4962487518787384, 56.5289192199707
159, -195.86722110956907, 2, 16.153812493999794, 522, 125368,                                             125368, 0.4805201292037964, 56.57648849487305
160, -252.48809003829956, 2, 15.161301303000073, 496, 125864,                                             125864, 0.4731322228908539, 56.61626052856445
161, -141.42771681398153, 2, 13.543128372999945, 430, 126294,                                             126294, 0.49113693833351135, 56.69255065917969
162, -250.9090769290924, 2, 14.947253406000073, 478, 126772,                                             126772, 0.4733350872993469, 56.7347412109375
163, -169.1564126163721, 2, 13.736653626000134, 441, 127213,                                             127213, 0.4873484671115875, 56.77069091796875
164, -163.99054028838873, 2, 13.552906328000063, 426, 127639,                                             127639, 0.5027539134025574, 56.772438049316406
165, -176.1812250316143, 2, 13.745874443000048, 434, 128073,                                             128073, 0.5014010071754456, 56.820919036865234
166, -204.5086664184928, 2, 14.956458917999953, 482, 128555,                                             128555, 0.47979122400283813, 56.93796157836914
167, -232.9284572005272, 2, 15.35577251299992, 493, 129048,                                             129048, 0.45646724104881287, 56.87106704711914
168, -143.59038816392422, 2, 13.328733548999935, 429, 129477,                                             129477, 0.48959577083587646, 56.99941635131836
169, -236.2542307972908, 2, 16.35102857999982, 523, 130000,                                             130000, 0.4730072319507599, 56.99138641357422
170, -255.81924007833004, 2, 16.940449169999738, 534, 130534,                                             130534, 0.47665300965309143, 57.161869049072266
171, -193.02710124105215, 2, 14.756842914000117, 475, 131009,                                             131009, 0.4893936812877655, 57.087738037109375
172, -295.35186088085175, 2, 17.74070496000013, 568, 131577,                                             131577, 0.4800783097743988, 57.1606330871582
173, -168.27443055808544, 2, 13.348467914000139, 429, 132006,                                             132006, 0.4698563814163208, 57.24463653564453
174, -145.5580431446433, 2, 13.532004099999995, 434, 132440,                                             132440, 0.47390681505203247, 57.17737579345703
175, -291.0120930224657, 2, 20.56992398700004, 649, 133089,                                             133089, 0.4754641354084015, 57.25011444091797
176, -253.23545090854168, 2, 15.954855593000048, 518, 133607,                                             133607, 0.46809813380241394, 57.23395538330078
177, -277.9978244304657, 2, 21.170932287999676, 671, 134278,                                             134278, 0.4740388095378876, 57.3794059753418
178, -219.17464591562748, 2, 15.336796719000176, 485, 134763,                                             134763, 0.48106059432029724, 57.34662628173828
179, -251.20456051826477, 2, 15.158735890000116, 489, 135252,                                             135252, 0.4914383590221405, 57.4298210144043
180, -148.6986689120531, 2, 13.332373587999882, 425, 135677,                                             135677, 0.4883956015110016, 57.429054260253906
181, -191.73368115723133, 2, 15.562608952000119, 494, 136171,                                             136171, 0.49172747135162354, 57.45372772216797
182, -228.49756471812725, 2, 14.55007171699981, 466, 136637,                                             136637, 0.4750976860523224, 57.534996032714844
183, -201.03511682152748, 2, 14.954080884000177, 474, 137111,                                             137111, 0.48601460456848145, 57.53968811035156
184, -179.91398618370295, 2, 15.139639779999925, 481, 137592,                                             137592, 0.4762267768383026, 57.5640754699707
185, 95.08037792146206, 1, 1.1213676500001384, 30, 137622,                                             137622, 0.5299686789512634, 57.52275848388672
186, -203.41594623029232, 2, 15.738589393999973, 498, 138120,                                             138120, 0.4956214725971222, 57.52674102783203
187, -196.84100110083818, 2, 14.950467525000022, 482, 138602,                                             138602, 0.4872685670852661, 57.54218292236328
188, -256.3480333983898, 2, 18.162249166999572, 581, 139183,                                             139183, 0.49065741896629333, 57.55805587768555
189, -222.63524451851845, 2, 14.752807058999679, 460, 139643,                                             139643, 0.48081421852111816, 57.545108795166016
190, -256.5810045301914, 2, 15.156010398000035, 482, 140125,                                             140125, 0.4638841450214386, 57.61091613769531
191, -143.96747483313084, 2, 13.949406631999864, 443, 140568,                                             140568, 0.485920786857605, 57.579036712646484
192, -210.62645341455936, 2, 18.54784397399999, 586, 141154,                                             141154, 0.48976776003837585, 57.697593688964844
193, -267.7895446792245, 2, 20.772885417999987, 669, 141823,                                             141823, 0.4942473769187927, 57.634220123291016
194, -235.17825558036566, 2, 14.949961904000247, 483, 142306,                                             142306, 0.4958399832248688, 57.750606536865234
195, -164.25241611897945, 2, 13.347212434000085, 422, 142728,                                             142728, 0.4867950975894928, 57.74783706665039
196, -247.13038089871407, 2, 15.142686476999643, 479, 143207,                                             143207, 0.4947208762168884, 57.71589660644531
197, -246.1952577009797, 2, 15.944839157999922, 502, 143709,                                             143709, 0.48800989985466003, 57.768577575683594
198, -173.01368567347527, 2, 15.148422753999967, 486, 144195,                                             144195, 0.4873999357223511, 57.730674743652344
199, -259.57135185599327, 2, 15.15415694100011, 482, 144677,                                             144677, 0.48309728503227234, 57.69587326049805
200, -177.84226771444082, 2, 14.944171185999949, 465, 145142,                                             145142, 0.4838308095932007, 57.70362091064453
201, -224.70076762884855, 2, 16.730160991000048, 530, 145672,                                             145672, 0.4813135862350464, 57.79998779296875
202, -290.0704368799925, 2, 19.145656282000346, 598, 146270,                                             146270, 0.49848100543022156, 57.7885856628418
203, -287.162367105484, 2, 18.964941183000064, 598, 146868,                                             146868, 0.48212936520576477, 57.74092102050781
204, -176.53907829895616, 2, 17.34622410100019, 542, 147410,                                             147410, 0.4768144190311432, 57.745399475097656
205, -263.60586255788803, 2, 17.16100574400025, 543, 147953,                                             147953, 0.4747552275657654, 57.70219421386719
206, -186.20298600196838, 2, 14.935664199999792, 466, 148419,                                             148419, 0.4828793704509735, 57.70293045043945
207, -188.4641891270876, 2, 14.956319814999915, 474, 148893,                                             148893, 0.4880349636077881, 57.7533073425293
208, -245.0926758646965, 2, 15.54190954700016, 492, 149385,                                             149385, 0.476768434047699, 57.80842590332031
209, -189.09234708547592, 2, 14.145898063000004, 445, 149830,                                             149830, 0.4828357398509979, 57.77193832397461
210, 72.95739176869392, 1, 5.515522923999924, 164, 149994,                                             149994, 0.48871487379074097, 57.73320770263672
211, -220.4169702231884, 2, 11.377386331999787, 360, 150354,                                             150354, 0.4980025887489319, 57.67882537841797
212, -204.54676192998886, 2, 13.928887903000032, 432, 150786,                                             150786, 0.48492464423179626, 57.73534393310547
213, -248.39254488050938, 2, 15.351809462999881, 487, 151273,                                             151273, 0.46998921036720276, 57.747318267822266
214, -263.687506057322, 2, 17.942874626999583, 564, 151837,                                             151837, 0.5050151348114014, 57.76523208618164
215, -295.5810365974903, 2, 19.951890384999842, 623, 152460,                                             152460, 0.4858870506286621, 57.803558349609375
216, -222.49041709303856, 2, 17.160426465, 544, 153004,                                             153004, 0.47635313868522644, 57.77035140991211
217, -255.5313976109028, 2, 16.15506070599986, 508, 153512,                                             153512, 0.472048282623291, 57.757808685302734
218, -260.34280873835087, 2, 17.54853703400022, 556, 154068,                                             154068, 0.4694103002548218, 57.80867385864258
219, -288.843696475029, 2, 17.36794764499973, 552, 154620,                                             154620, 0.46097633242607117, 57.85564041137695
220, -177.4147422015667, 2, 14.137844623999626, 438, 155058,                                             155058, 0.49008679389953613, 57.75528335571289
221, -314.4007381796837, 2, 20.17885664900041, 637, 155695,                                             155695, 0.48955097794532776, 57.75786209106445
222, -187.53919657319784, 2, 15.954026702999727, 503, 156198,                                             156198, 0.4791072607040405, 57.820091247558594
223, -294.9220008999109, 2, 17.546445329000562, 553, 156751,                                             156751, 0.4806593656539917, 57.80793380737305
224, -254.39278709888458, 2, 17.75765185399996, 562, 157313,                                             157313, 0.47984254360198975, 57.828731536865234
225, -200.2842561006546, 2, 13.54781448599988, 425, 157738,                                             157738, 0.4735145568847656, 57.80120849609375
226, -241.6233073771, 2, 15.740924602000632, 490, 158228,                                             158228, 0.4742524027824402, 57.84046936035156
227, -243.4546593427658, 2, 18.749113604999366, 589, 158817,                                             158817, 0.48191604018211365, 57.771427154541016
228, -239.31479127705097, 2, 16.964299094000125, 538, 159355,                                             159355, 0.47625142335891724, 57.75982666015625
229, -293.22395572066307, 2, 18.55131407999943, 575, 159930,                                             159930, 0.46588781476020813, 57.82419967651367
230, -193.30929013341665, 2, 16.760282912000548, 526, 160456,                                             160456, 0.49965664744377136, 57.705814361572266
231, -264.98040559887886, 2, 16.564347683999586, 522, 160978,                                             160978, 0.4665537476539612, 57.699710845947266
232, -158.7396358512342, 2, 16.75503060199935, 523, 161501,                                             161501, 0.47464147210121155, 57.68207550048828
233, -276.33381897211075, 2, 16.359195056000317, 514, 162015,                                             162015, 0.4847399890422821, 57.66055679321289
234, -177.3604560121894, 2, 14.15812913100035, 447, 162462,                                             162462, 0.479144811630249, 57.85352325439453
235, -245.5686420351267, 2, 19.365658304000135, 614, 163076,                                             163076, 0.4632505178451538, 57.649818420410156
236, -268.6331696510315, 2, 16.540353586000492, 517, 163593,                                             163593, 0.4713199734687805, 57.6781005859375
237, -225.53406343609095, 2, 16.158829259999948, 513, 164106,                                             164106, 0.46769392490386963, 57.683982849121094
238, -238.68955491483212, 2, 17.155863181999848, 547, 164653,                                             164653, 0.47015145421028137, 57.6292724609375
239, -233.38081803917885, 2, 13.552212307000445, 424, 165077,                                             165077, 0.48182591795921326, 57.67497634887695
240, -236.06020964309573, 2, 16.939965288000167, 524, 165601,                                             165601, 0.45399412512779236, 57.58148193359375
241, -282.6762202680111, 2, 17.570317630999853, 553, 166154,                                             166154, 0.474812775850296, 57.68485641479492
242, 69.75974035263062, 1, 6.715443975000198, 207, 166361,                                             166361, 0.4673742651939392, 57.577903747558594
243, -275.3931264281273, 2, 15.557221819000006, 495, 166856,                                             166856, 0.4683355689048767, 57.58666229248047
244, -229.82101767510176, 2, 15.756475176000095, 494, 167350,                                             167350, 0.4759446680545807, 57.546104431152344
245, -205.40386454761028, 2, 16.940648329000396, 524, 167874,                                             167874, 0.46720558404922485, 57.53068542480469
246, -233.03305378556252, 2, 16.750439848000497, 524, 168398,                                             168398, 0.4534834921360016, 57.60393142700195
247, -163.76905880868435, 2, 14.134851456000433, 436, 168834,                                             168834, 0.46852558851242065, 57.5379524230957
248, 86.22908485680819, 1, 2.9218551479998496, 88, 168922,                                             168922, 0.4709085524082184, 57.38210678100586
249, -240.95465803146362, 2, 13.93352392199995, 432, 169354,                                             169354, 0.46145299077033997, 57.54080581665039
250, -151.47442168742418, 2, 13.545583237000756, 416, 169770,                                             169770, 0.48038479685783386, 57.50236511230469
251, -258.04537546634674, 2, 15.750801306999165, 493, 170263,                                             170263, 0.46579477190971375, 57.497535705566406
252, -179.46767361834645, 2, 14.7650480100001, 467, 170730,                                             170730, 0.47898828983306885, 57.48566436767578
253, -196.4838534295559, 2, 14.348826955000732, 449, 171179,                                             171179, 0.4570819139480591, 57.48033905029297
254, -250.31589645147324, 2, 15.356347308000295, 483, 171662,                                             171662, 0.45778465270996094, 57.3849983215332
255, -218.76936342567205, 2, 16.357516281000244, 515, 172177,                                             172177, 0.4594370722770691, 57.365962982177734
256, -218.06673124432564, 2, 14.557439664000412, 454, 172631,                                             172631, 0.46615681052207947, 57.36014938354492
257, -169.3230226188898, 2, 13.14753169100004, 405, 173036,                                             173036, 0.46596550941467285, 57.33439254760742
258, -235.7174220085144, 2, 16.336622249000357, 511, 173547,                                             173547, 0.47054776549339294, 57.321250915527344
259, -172.1967520415783, 2, 13.944558932000291, 428, 173975,                                             173975, 0.49188899993896484, 57.321014404296875
260, -210.58878794312477, 2, 15.743803767999452, 493, 174468,                                             174468, 0.4846884608268738, 57.31216049194336
261, -255.70116892457008, 2, 16.18579318999946, 509, 174977,                                             174977, 0.45684897899627686, 57.32714080810547
262, -173.94915482401848, 2, 18.147159407999425, 567, 175544,                                             175544, 0.4786919057369232, 57.2716064453125
263, -251.88370233774185, 2, 15.350881751999623, 480, 176024,                                             176024, 0.47409242391586304, 57.1309928894043
264, -225.89214830845594, 2, 16.543571932000305, 510, 176534,                                             176534, 0.47108516097068787, 57.27263641357422
265, -178.8069468587637, 2, 14.74625362200004, 455, 176989,                                             176989, 0.47404325008392334, 57.197628021240234
266, -133.98158359527588, 2, 13.552881991000504, 425, 177414,                                             177414, 0.46183475852012634, 57.19690704345703
267, -241.54240706562996, 2, 14.938743956999133, 456, 177870,                                             177870, 0.47714462876319885, 57.11075973510742
268, -164.05822256952524, 2, 13.752417417000288, 432, 178302,                                             178302, 0.45679914951324463, 57.0372314453125
269, -208.93436953425407, 2, 15.940858730999935, 487, 178789,                                             178789, 0.4699223041534424, 57.04823303222656
270, -178.5567127391696, 2, 15.95986072300002, 496, 179285,                                             179285, 0.4593771696090698, 56.983428955078125
271, -160.80666929483414, 2, 14.538772783999775, 449, 179734,                                             179734, 0.45120447874069214, 57.02213668823242
272, -269.0249712765217, 2, 16.56218811999952, 522, 180256,                                             180256, 0.4702668786048889, 57.029571533203125
273, -169.65996579825878, 2, 14.74352423900018, 462, 180718,                                             180718, 0.4749563932418823, 56.94483947753906
274, -256.5811882019043, 2, 16.355827063000106, 508, 181226,                                             181226, 0.4656107723712921, 57.029296875
275, -202.85677105933428, 2, 19.36316160199931, 605, 181831,                                             181831, 0.45655083656311035, 56.910736083984375
276, -257.3654980957508, 2, 15.937514206999367, 480, 182311,                                             182311, 0.4699527621269226, 56.987205505371094
277, -170.31634879857302, 2, 14.950788387000102, 466, 182777,                                             182777, 0.4823443591594696, 56.89113235473633
278, -258.76115092635155, 2, 16.739513810000062, 510, 183287,                                             183287, 0.4786045253276825, 56.83855056762695
279, -204.25910602509975, 2, 16.1558899620004, 501, 183788,                                             183788, 0.4571272134780884, 56.84910202026367
280, -192.65992908924818, 2, 16.332741630999408, 499, 184287,                                             184287, 0.4682283401489258, 56.76131057739258
281, -272.8161070346832, 2, 18.35649667799953, 571, 184858,                                             184858, 0.4716756343841553, 56.783573150634766
282, -263.9972285553813, 2, 16.74105898400012, 520, 185378,                                             185378, 0.47214996814727783, 56.71525192260742
283, -140.63049040734768, 2, 13.351018499999554, 412, 185790,                                             185790, 0.4517689347267151, 56.71030807495117
284, -263.39550629258156, 2, 15.951253354000073, 497, 186287,                                             186287, 0.4710777997970581, 56.75764083862305
285, -276.6803644001484, 2, 18.546980547999738, 564, 186851,                                             186851, 0.4626671075820923, 56.67951965332031
286, -211.24768608808517, 2, 16.154953723999824, 494, 187345,                                             187345, 0.4459041655063629, 56.64765548706055
287, -236.01939941942692, 2, 15.152059605999966, 471, 187816,                                             187816, 0.45227792859077454, 56.65589904785156
288, -174.30044470727444, 2, 13.932145327999933, 425, 188241,                                             188241, 0.4664148986339569, 56.62141418457031
289, -186.1652906537056, 2, 14.554707151000002, 449, 188690,                                             188690, 0.449701189994812, 56.57573699951172
290, -258.6644465327263, 2, 16.959319759999744, 505, 189195,                                             189195, 0.4464813768863678, 56.585201263427734
291, -187.3401661515236, 2, 15.531258363999768, 468, 189663,                                             189663, 0.45477020740509033, 56.56613540649414
292, -266.3272957801819, 2, 17.359953473999667, 529, 190192,                                             190192, 0.46992358565330505, 56.540748596191406
293, 76.34827472269535, 1, 5.511024593999537, 163, 190355,                                             190355, 0.46247124671936035, 56.51491165161133
294, -200.41499590873718, 2, 11.352922192999358, 349, 190704,                                             190704, 0.4551124572753906, 56.460628509521484
295, -267.8456002473831, 2, 16.942913489000603, 515, 191219,                                             191219, 0.45910993218421936, 56.48712921142578
296, -141.42264084890485, 2, 14.348760357000174, 440, 191659,                                             191659, 0.453874409198761, 56.457706451416016
297, -202.76886510849, 2, 15.326018300000214, 463, 192122,                                             192122, 0.45343321561813354, 56.36255645751953
298, -149.07782693207264, 2, 14.152781689999756, 425, 192547,                                             192547, 0.46295762062072754, 56.378578186035156
299, -214.52389751374722, 2, 14.143826448000254, 432, 192979,                                             192979, 0.45492199063301086, 56.337520599365234
300, -223.33286837488413, 2, 14.138018517000091, 430, 193409,                                             193409, 0.44751107692718506, 56.3575553894043
301, 77.53458031266928, 1, 5.094177871999818, 154, 193563,                                             193563, 0.442588746547699, 56.41093444824219
302, -132.6694458425045, 2, 8.92361651399915, 267, 193830,                                             193830, 0.45520880818367004, 56.248348236083984
303, -232.48326934129, 2, 15.138557804999436, 462, 194292,                                             194292, 0.4613623023033142, 56.39786148071289
304, -187.37213944643736, 2, 15.753139264999845, 483, 194775,                                             194775, 0.451354056596756, 56.26232147216797
305, -307.1949928700924, 2, 20.161065167999368, 625, 195400,                                             195400, 0.4748895466327667, 56.25269317626953
306, -295.48239501565695, 2, 19.351054431000193, 595, 195995,                                             195995, 0.4708283245563507, 56.226036071777344
307, -249.0424888432026, 2, 16.35256616100014, 501, 196496,                                             196496, 0.462088942527771, 56.26897430419922
308, -191.27886967360973, 2, 14.347845878000044, 443, 196939,                                             196939, 0.4630960524082184, 56.22914123535156
309, -251.41582760214806, 2, 17.159240268000758, 529, 197468,                                             197468, 0.44568687677383423, 56.18104934692383
310, -228.03119358420372, 2, 12.93579333100024, 395, 197863,                                             197863, 0.45180514454841614, 56.19609069824219
311, -231.93665777891874, 2, 17.000322088999383, 495, 198358,                                             198358, 0.4501763582229614, 56.12635803222656
312, -182.01316545903683, 2, 15.33246483000039, 459, 198817,                                             198817, 0.4688464403152466, 56.083396911621094
313, -184.783836632967, 2, 14.350478766999913, 439, 199256,                                             199256, 0.4443438947200775, 56.09584426879883
314, -296.49148920178413, 2, 18.347789671999635, 557, 199813,                                             199813, 0.4434933364391327, 56.13711929321289
315, -211.04736981540918, 2, 19.561758725999425, 600, 200413,                                             200413, 0.45262137055397034, 55.9711799621582
316, -251.89735025167465, 2, 14.757627478999893, 459, 200872,                                             200872, 0.44005611538887024, 56.065311431884766
317, -179.7972063422203, 2, 14.33310474999962, 433, 201305,                                             201305, 0.45867082476615906, 56.00312423706055
318, -175.0698666870594, 2, 14.150660029999926, 432, 201737,                                             201737, 0.462662935256958, 56.01787185668945
319, -236.4461844265461, 2, 13.930701618000057, 416, 202153,                                             202153, 0.45205894112586975, 55.885257720947266
320, -224.29109045863152, 2, 14.149819702000059, 438, 202591,                                             202591, 0.45839306712150574, 55.98622512817383
321, -173.09455554187298, 2, 14.553687636999712, 446, 203037,                                             203037, 0.47105491161346436, 55.976234436035156
322, -203.5199767500162, 2, 14.330766023999786, 433, 203470,                                             203470, 0.46755099296569824, 55.925811767578125
323, -208.2979914844036, 2, 16.749033704000794, 512, 203982,                                             203982, 0.45701301097869873, 55.82355499267578
324, -245.55984216928482, 2, 15.757081428000674, 484, 204466,                                             204466, 0.4596692621707916, 55.836570739746094
325, -206.84815680980682, 2, 16.74247513699993, 512, 204978,                                             204978, 0.47413766384124756, 55.864341735839844
326, -175.27793315798044, 2, 13.335855516000265, 406, 205384,                                             205384, 0.4519554078578949, 55.715599060058594
327, -201.55197313427925, 2, 15.954503074000058, 488, 205872,                                             205872, 0.4390416741371155, 55.74552536010742
328, -270.16548416018486, 2, 18.547978055000385, 567, 206439,                                             206439, 0.46405255794525146, 55.76290512084961
329, -180.46216040104628, 2, 14.547413217999747, 447, 206886,                                             206886, 0.44233348965644836, 55.78774642944336
330, -178.27332542091608, 2, 13.553662907000216, 411, 207297,                                             207297, 0.4394250214099884, 55.73060607910156
331, -257.49121133983135, 2, 17.35506549999991, 529, 207826,                                             207826, 0.4551679491996765, 55.702613830566406
332, -207.70880791544914, 2, 20.34610724199956, 615, 208441,                                             208441, 0.45763206481933594, 55.629451751708984
333, -287.4906877428293, 2, 20.16713740400064, 619, 209060,                                             209060, 0.4472203552722931, 55.59463882446289
334, 88.25910922139883, 1, 2.7219358460006333, 80, 209140,                                             209140, 0.466904878616333, 55.73091506958008
335, -223.70308336615562, 2, 16.743843811999795, 500, 209640,                                             209640, 0.4360738694667816, 55.52030944824219
336, -189.38148076087236, 2, 15.757498286000555, 480, 210120,                                             210120, 0.43843135237693787, 55.54224395751953
337, -247.28859716653824, 2, 15.550501212999734, 474, 210594,                                             210594, 0.4632948040962219, 55.62416458129883
338, -185.43071464449167, 2, 16.739811756000563, 505, 211099,                                             211099, 0.4273669123649597, 55.56410217285156
339, -172.68709953129292, 2, 15.153640179999456, 456, 211555,                                             211555, 0.4451284110546112, 55.56394958496094
340, -240.26447119563818, 2, 15.940534510000361, 483, 212038,                                             212038, 0.46623700857162476, 55.50278854370117
341, -265.21157974004745, 2, 16.13661148799929, 493, 212531,                                             212531, 0.4610287547111511, 55.46425247192383
342, -173.08026218414307, 2, 15.340528022999933, 466, 212997,                                             212997, 0.46460288763046265, 55.42842102050781
343, -256.1402720808983, 2, 17.14522976399985, 514, 213511,                                             213511, 0.42113175988197327, 55.4163703918457
344, -310.82888313382864, 2, 17.1501586280001, 525, 214036,                                             214036, 0.4418180584907532, 55.40982437133789
345, -166.94399981945753, 2, 14.732790565999494, 442, 214478,                                             214478, 0.4586818218231201, 55.409488677978516
346, -237.05559660494328, 2, 15.955331008999565, 486, 214964,                                             214964, 0.46074333786964417, 55.400062561035156
347, -192.02918622642756, 2, 14.131194630999744, 423, 215387,                                             215387, 0.4643741250038147, 55.39773941040039
348, -259.9405151307583, 2, 15.754820985000151, 480, 215867,                                             215867, 0.4412943720817566, 55.34961700439453
349, -134.94519064202905, 2, 14.743518573000074, 445, 216312,                                             216312, 0.45604467391967773, 55.28250503540039
350, -249.64055281877518, 2, 14.751360805999866, 454, 216766,                                             216766, 0.4403044879436493, 55.3620491027832
351, -365.5738480389118, 2, 20.949832987000264, 634, 217400,                                             217400, 0.4521334171295166, 55.22608947753906
352, -247.33412346243858, 2, 16.355197806999968, 498, 217898,                                             217898, 0.4528898000717163, 55.327972412109375
353, -153.0800887271762, 2, 13.347220339999694, 400, 218298,                                             218298, 0.44377896189689636, 55.36183166503906
354, -201.34121400117874, 2, 16.153078986000764, 491, 218789,                                             218789, 0.45327699184417725, 55.29621124267578
355, -176.298744879663, 2, 15.355278986000485, 459, 219248,                                             219248, 0.4314301013946533, 55.241729736328125
356, -268.80785705149174, 2, 17.754999438000596, 543, 219791,                                             219791, 0.44316843152046204, 55.21925354003906
357, -190.40995257347822, 2, 13.743374428000607, 415, 220206,                                             220206, 0.4392997622489929, 55.20272445678711
358, -212.2830347418785, 2, 16.160786634999567, 484, 220690,                                             220690, 0.44389158487319946, 55.16652297973633
359, -231.2408812046051, 2, 16.357261817000108, 492, 221182,                                             221182, 0.45467430353164673, 55.180171966552734
360, -137.2848363816738, 2, 14.137170950000836, 424, 221606,                                             221606, 0.45261138677597046, 55.21479797363281
361, -200.5391283109784, 2, 14.956639090999488, 455, 222061,                                             222061, 0.44822096824645996, 55.146697998046875
362, -244.74781280755997, 2, 15.352230087999487, 466, 222527,                                             222527, 0.4483850598335266, 55.17039108276367
363, -298.2964396700263, 2, 20.973464073000287, 641, 223168,                                             223168, 0.4469641149044037, 55.11923599243164
364, -181.55775878578424, 2, 15.93297843900018, 479, 223647,                                             223647, 0.4535396695137024, 55.13210678100586
365, 65.97913630306721, 1, 7.319439286000488, 215, 223862,                                             223862, 0.444479763507843, 55.05971908569336
366, -162.30983358621597, 2, 7.938384230999873, 239, 224101,                                             224101, 0.4681408405303955, 54.919761657714844
367, -189.5520477592945, 2, 15.759696179999992, 477, 224578,                                             224578, 0.44233590364456177, 54.99565505981445
368, -187.80961296707392, 2, 15.939543047999905, 475, 225053,                                             225053, 0.46070170402526855, 54.99546432495117
369, -193.87598975002766, 2, 15.757716142999925, 480, 225533,                                             225533, 0.45360782742500305, 55.01924133300781
370, -258.78994476795197, 2, 16.560228610000195, 499, 226032,                                             226032, 0.45312657952308655, 54.95668029785156
371, -218.5238978266716, 2, 17.754440998000064, 540, 226572,                                             226572, 0.43530502915382385, 54.94518280029297
372, -198.6215770766139, 2, 15.361949010999524, 470, 227042,                                             227042, 0.4317990839481354, 54.95451354980469
373, -205.64378025382757, 2, 15.753568049999558, 474, 227516,                                             227516, 0.45158135890960693, 54.91584777832031
374, -229.84502764046192, 2, 18.562485198000104, 564, 228080,                                             228080, 0.4349050223827362, 54.82365417480469
375, -269.0185403227806, 2, 18.566350244000205, 557, 228637,                                             228637, 0.4534059762954712, 54.81426239013672
376, -195.06593691557646, 2, 14.537998917999175, 437, 229074,                                             229074, 0.43689045310020447, 54.83452606201172
377, -200.31239274144173, 2, 15.552285751999989, 471, 229545,                                             229545, 0.4432498812675476, 54.85991668701172
378, -190.85548052936792, 2, 15.134178018000057, 454, 229999,                                             229999, 0.4449559450149536, 54.777748107910156
379, -249.8645715713501, 2, 19.360459354999875, 589, 230588,                                             230588, 0.44044917821884155, 54.84832000732422
380, -279.475038446486, 2, 15.959633622000183, 486, 231074,                                             231074, 0.43645235896110535, 54.80673599243164
381, -189.07580921426415, 2, 15.336519261999456, 468, 231542,                                             231542, 0.4432777464389801, 54.72867965698242
382, -190.39147153496742, 2, 15.540965709000375, 464, 232006,                                             232006, 0.44035279750823975, 54.76716232299805
383, -151.86165990680456, 2, 13.95524530199964, 413, 232419,                                             232419, 0.4408939778804779, 54.70089340209961
384, -214.30745434761047, 2, 15.350997462000123, 465, 232884,                                             232884, 0.4416171610355377, 54.67926025390625
385, -215.3908347785473, 2, 15.347865814000215, 467, 233351,                                             233351, 0.45061713457107544, 54.699337005615234
386, -205.97299102693796, 2, 16.16105095400053, 491, 233842,                                             233842, 0.44171515107154846, 54.75416946411133
387, -232.72435182332993, 2, 14.753396373999749, 443, 234285,                                             234285, 0.4255702793598175, 54.60483932495117
388, -151.4079834073782, 2, 14.136610800000199, 423, 234708,                                             234708, 0.4314965009689331, 54.63326644897461
389, -247.22847558557987, 2, 16.75690264200057, 506, 235214,                                             235214, 0.45384252071380615, 54.71971893310547
390, -191.3941638916731, 2, 15.53772994999963, 466, 235680,                                             235680, 0.4516570270061493, 54.608245849609375
391, -151.64362256228924, 2, 14.512769701999787, 436, 236116,                                             236116, 0.4177808165550232, 54.538002014160156
392, -208.41256684064865, 2, 15.539391145999616, 466, 236582,                                             236582, 0.4419073462486267, 54.51484680175781
393, -151.27571068704128, 2, 13.551002316999984, 393, 236975,                                             236975, 0.4346270263195038, 54.53150177001953
394, -251.1497906446457, 2, 16.939583816999402, 509, 237484,                                             237484, 0.4625117778778076, 54.44485855102539
395, -193.9811351299286, 2, 14.336534815999585, 429, 237913,                                             237913, 0.4326252043247223, 54.48400115966797
396, -207.27268351614475, 2, 15.952380722999806, 486, 238399,                                             238399, 0.4209013283252716, 54.50691223144531
397, -236.93802988529205, 2, 15.337847637999403, 453, 238852,                                             238852, 0.4428665339946747, 54.51900100708008
398, -169.09435384720564, 2, 15.16055695399973, 462, 239314,                                             239314, 0.4120465815067291, 54.4243049621582
399, -187.36425177752972, 2, 15.33970117700028, 457, 239771,                                             239771, 0.4374569356441498, 54.35454177856445
400, -253.16203873604536, 2, 18.561270612000044, 561, 240332,                                             240332, 0.42149215936660767, 54.38623809814453
401, -153.32395904511213, 2, 13.708591584000715, 404, 240736,                                             240736, 0.4332438111305237, 54.39641189575195
402, -247.401831895113, 2, 14.760140573999706, 450, 241186,                                             241186, 0.4379018247127533, 54.38367462158203
403, -211.0021628215909, 2, 14.757265989999723, 443, 241629,                                             241629, 0.4330972731113434, 54.325897216796875
404, -237.05366784334183, 2, 15.338779886000339, 457, 242086,                                             242086, 0.4289075434207916, 54.343257904052734
405, -163.56361470371485, 2, 13.15170341799967, 394, 242480,                                             242480, 0.44602540135383606, 54.42947006225586
406, -192.81888550519943, 2, 17.15472047899948, 508, 242988,                                             242988, 0.4359271228313446, 54.32783126831055
407, -230.4184367954731, 2, 16.55796442799965, 493, 243481,                                             243481, 0.45361414551734924, 54.28117370605469
408, 67.87962973117828, 1, 6.714237758999843, 199, 243680,                                             243680, 0.4176725447177887, 54.3028678894043
409, -193.57360634207726, 2, 10.928223672000058, 324, 244004,                                             244004, 0.44227996468544006, 54.267730712890625
410, -138.49644842743874, 2, 15.155578986000364, 457, 244461,                                             244461, 0.43525174260139465, 54.25668716430664
411, -211.3387698829174, 2, 16.72553881499971, 502, 244963,                                             244963, 0.42771029472351074, 54.23831558227539
412, 86.42738984525204, 1, 2.7189779069994984, 80, 245043,                                             245043, 0.41868576407432556, 54.43425369262695
413, -294.5807827413082, 2, 19.55162995899991, 583, 245626,                                             245626, 0.4488142132759094, 54.23044204711914
414, -199.57280289381742, 2, 14.35153453699968, 422, 246048,                                             246048, 0.42191749811172485, 54.143226623535156
415, -142.90345568954945, 2, 14.337182686999768, 426, 246474,                                             246474, 0.4301949143409729, 54.17667007446289
416, 94.39007744193077, 1, 1.3167409839998072, 35, 246509,                                             246509, 0.39035162329673767, 54.21051025390625
417, -197.0212488770485, 2, 15.134416802999112, 450, 246959,                                             246959, 0.4228333532810211, 54.201255798339844
418, -250.7955111861229, 2, 15.352308833999814, 462, 247421,                                             247421, 0.4523647725582123, 54.15203857421875
419, -195.9845599681139, 2, 16.94514712, 506, 247927,                                             247927, 0.4337729513645172, 54.233726501464844
420, -263.67884217202663, 2, 16.955264016, 511, 248438,                                             248438, 0.4355104863643646, 54.18900680541992
421, -170.45204402506351, 2, 16.1236181940003, 476, 248914,                                             248914, 0.4096031188964844, 54.108821868896484
422, -277.5649257302284, 2, 18.153777798000192, 550, 249464,                                             249464, 0.4248923361301422, 54.05143356323242
423, 94.97480553388596, 1, 1.3030820149997453, 30, 249494,                                             249494, 0.4827309846878052, 53.74124526977539
424, -164.81262004375458, 2, 13.135365449999881, 392, 249886,                                             249886, 0.43994051218032837, 54.0444450378418
425, 94.14471246302128, 1, 1.1166279749995738, 30, 249916,                                             249916, 0.405894011259079, 54.037837982177734
426, -185.35552963614464, 2, 14.132429943000716, 424, 250340,                                             250340, 0.4376065731048584, 54.068321228027344
427, -235.29712291806936, 2, 16.741545697999754, 504, 250844,                                             250844, 0.4231281876564026, 53.93293380737305
428, -259.90032106637955, 2, 19.347832826999365, 572, 251416,                                             251416, 0.4333955943584442, 54.0503044128418
429, -164.3232960626483, 2, 14.956348577999961, 449, 251865,                                             251865, 0.4359859526157379, 54.09415054321289
430, -179.68996798992157, 2, 14.96332549499948, 447, 252312,                                             252312, 0.4302937984466553, 53.94582748413086
431, -243.03206726908684, 2, 15.500147568000102, 459, 252771,                                             252771, 0.45306864380836487, 53.912879943847656
432, -180.53136254101992, 2, 15.158523986000546, 449, 253220,                                             253220, 0.44766533374786377, 53.93558883666992
433, -200.65362738072872, 2, 16.961898553000538, 505, 253725,                                             253725, 0.4218406677246094, 53.89817810058594
434, -251.05783939361572, 2, 17.139974407999944, 508, 254233,                                             254233, 0.42303773760795593, 53.872318267822266
435, 68.9037239253521, 1, 6.531066837000253, 194, 254427,                                             254427, 0.4109685719013214, 53.938392639160156
436, -141.96087002754211, 2, 9.12634306900054, 269, 254696,                                             254696, 0.43431636691093445, 53.78054428100586
437, -133.78871984779835, 2, 14.937225712999862, 437, 255133,                                             255133, 0.4418531060218811, 53.77052307128906
438, -251.21423703432083, 2, 16.140877531000115, 480, 255613,                                             255613, 0.4076423645019531, 53.77043533325195
439, -251.02722358703613, 2, 16.761314903999846, 499, 256112,                                             256112, 0.43017372488975525, 53.82432556152344
440, -209.62790873646736, 2, 15.93059566500051, 481, 256593,                                             256593, 0.43195387721061707, 53.85962677001953
441, -148.81019615381956, 2, 13.516851626999596, 405, 256998,                                             256998, 0.4339803159236908, 53.771305084228516
442, -189.32141187787056, 2, 13.335859509999864, 404, 257402,                                             257402, 0.4322783946990967, 53.781612396240234
443, -227.34964999556541, 2, 13.757106387000022, 416, 257818,                                             257818, 0.4362894594669342, 53.823509216308594
444, -292.210044503212, 2, 18.55254267500004, 553, 258371,                                             258371, 0.42359688878059387, 53.730743408203125
445, -251.0400891005993, 2, 17.156953155999872, 517, 258888,                                             258888, 0.4296306073665619, 53.6990852355957
446, -260.9275118932128, 2, 19.540383774000475, 580, 259468,                                             259468, 0.4430939853191376, 53.73035430908203
447, -254.32009010016918, 2, 17.16076170300039, 507, 259975,                                             259975, 0.43142566084861755, 53.67546463012695
448, -166.1514754295349, 2, 17.546275495000373, 521, 260496,                                             260496, 0.43251800537109375, 53.7270622253418
449, -263.02270798385143, 2, 17.558621716000744, 524, 261020,                                             261020, 0.44223275780677795, 53.67143249511719
450, -190.0028378367424, 2, 15.35400290600046, 448, 261468,                                             261468, 0.42196860909461975, 53.69749069213867
451, -133.19568143039942, 2, 13.089800796999953, 387, 261855,                                             261855, 0.44012197852134705, 53.4982795715332
452, -280.36923037469387, 2, 21.17010141099945, 626, 262481,                                             262481, 0.4156476557254791, 53.612632751464844
453, -200.34328320622444, 2, 16.143788268000208, 470, 262951,                                             262951, 0.41229498386383057, 53.529266357421875
454, -311.3209170997143, 2, 21.96716096899945, 656, 263607,                                             263607, 0.43192002177238464, 53.57510757446289
455, -127.41728971153498, 2, 13.951934888000324, 420, 264027,                                             264027, 0.41469472646713257, 53.55731964111328
456, -294.39227217435837, 2, 20.168914010999288, 596, 264623,                                             264623, 0.41279739141464233, 53.54963684082031
457, -180.06079027056694, 2, 14.737173990999509, 435, 265058,                                             265058, 0.4141598641872406, 53.4416618347168
458, -213.4039921462536, 2, 15.5453662179998, 455, 265513,                                             265513, 0.42050111293792725, 53.47279739379883
459, -143.58985628932714, 2, 13.556962005999594, 402, 265915,                                             265915, 0.43288591504096985, 53.341033935546875
460, -265.01315999031067, 2, 17.961790631999975, 521, 266436,                                             266436, 0.42223647236824036, 53.39476013183594
461, -181.72032561898232, 2, 14.107912651999868, 421, 266857,                                             266857, 0.4311085641384125, 53.51116180419922
462, -166.1952032521367, 2, 13.932245883000178, 405, 267262,                                             267262, 0.43556252121925354, 53.38420486450195
463, -183.25663463771343, 2, 12.545182564000243, 369, 267631,                                             267631, 0.41367998719215393, 53.25002670288086
464, -187.50550235062838, 2, 16.546105850999993, 483, 268114,                                             268114, 0.44328969717025757, 53.383934020996094
465, -331.7902275919914, 2, 23.17466250600046, 689, 268803,                                             268803, 0.41036704182624817, 53.35602569580078
466, -249.655560426414, 2, 17.963508209999418, 530, 269333,                                             269333, 0.42346376180648804, 53.33616638183594
467, -170.78077127039433, 2, 14.733495276000212, 424, 269757,                                             269757, 0.40909406542778015, 53.36362838745117
468, -202.97527363151312, 2, 14.943884524999703, 443, 270200,                                             270200, 0.43037763237953186, 53.30642318725586
469, -217.41471448540688, 2, 17.139769993999835, 500, 270700,                                             270700, 0.4231395423412323, 53.31928253173828
470, -326.18246552348137, 2, 22.35540659399976, 663, 271363,                                             271363, 0.4342000484466553, 53.30617904663086
471, -151.20535485446453, 2, 14.311363378000351, 417, 271780,                                             271780, 0.42044416069984436, 53.3609619140625
472, -183.15904710441828, 2, 14.952787051000087, 438, 272218,                                             272218, 0.41261789202690125, 53.252830505371094
473, -186.25337208807468, 2, 15.338515628000096, 441, 272659,                                             272659, 0.423667311668396, 53.296142578125
474, -164.35885299742222, 2, 13.949730883000484, 412, 273071,                                             273071, 0.4056704640388489, 53.142513275146484
475, -257.2497611939907, 2, 16.960902102000546, 490, 273561,                                             273561, 0.41340962052345276, 53.172794342041016
476, -138.91103291511536, 2, 14.729034989000866, 435, 273996,                                             273996, 0.42612573504447937, 53.10896301269531
477, -271.66715805232525, 2, 18.76182059600069, 547, 274543,                                             274543, 0.40808218717575073, 53.0947380065918
478, -162.56197206676006, 2, 17.964599317998363, 526, 275069,                                             275069, 0.4043046236038208, 53.14848327636719
479, -235.50771382451057, 2, 16.154628014999616, 473, 275542,                                             275542, 0.39477235078811646, 53.085670471191406
480, -175.94647970050573, 2, 18.561215383000672, 545, 276087,                                             276087, 0.4234510362148285, 53.03761672973633
481, -207.59797206521034, 2, 15.899464137000905, 463, 276550,                                             276550, 0.41408857703208923, 53.02861785888672
482, -183.13700204342604, 2, 14.35723275500095, 425, 276975,                                             276975, 0.40717580914497375, 53.03904724121094
483, -328.9943854212761, 2, 22.574052381, 668, 277643,                                             277643, 0.39926061034202576, 53.041358947753906
484, -190.77111715078354, 2, 14.961514026999794, 427, 278070,                                             278070, 0.41445332765579224, 52.994232177734375
485, -162.44209983944893, 2, 13.747995425999761, 411, 278481,                                             278481, 0.4194500148296356, 53.043182373046875
486, -278.7587710618973, 2, 20.550559434001116, 588, 279069,                                             279069, 0.4221634864807129, 52.958961486816406
487, -185.7989577651024, 2, 13.53687605199957, 391, 279460,                                             279460, 0.4076223075389862, 52.881168365478516
488, -293.8028032332659, 2, 20.572060262000377, 599, 280059,                                             280059, 0.4166841208934784, 52.854888916015625
489, -165.31804176419973, 2, 14.758853063998686, 435, 280494,                                             280494, 0.4240701496601105, 52.951168060302734
490, -183.1072973832488, 2, 14.554154233999725, 426, 280920,                                             280920, 0.4111170172691345, 52.946475982666016
491, -130.7302760630846, 2, 13.093265671001063, 388, 281308,                                             281308, 0.4274407625198364, 52.91389083862305
492, -1181.723846256733, 4, 49.83920580099948, 1456, 282764,                                             282764, 0.4290403723716736, 52.89638900756836
493, -153.4953361749649, 2, 13.754663304000132, 403, 283167,                                             283167, 0.42777305841445923, 52.85817337036133
494, -308.3651695102453, 2, 21.181767377000142, 618, 283785,                                             283785, 0.4155292212963104, 52.896820068359375
495, -176.79141142219305, 2, 14.326710678999007, 413, 284198,                                             284198, 0.41210615634918213, 52.87547302246094
496, -169.15128161758184, 2, 14.354812941999626, 421, 284619,                                             284619, 0.4237944483757019, 52.92706298828125
497, -267.5305962860584, 2, 17.35773567599972, 506, 285125,                                             285125, 0.41548240184783936, 52.90528106689453
498, -224.59246569126844, 2, 16.15698809100104, 470, 285595,                                             285595, 0.40951067209243774, 52.86611557006836
499, -281.89921537041664, 2, 18.15911787999903, 527, 286122,                                             286122, 0.4070017337799072, 52.863704681396484
500, -244.97134978324175, 2, 17.763994691000335, 517, 286639,                                             286639, 0.4093635380268097, 52.83746337890625
501, -174.72444316744804, 2, 15.114446133000456, 419, 287058,                                             287058, 0.40624094009399414, 52.87308883666992
502, 67.65617621690035, 1, 7.336371785000665, 215, 287273,                                             287273, 0.4265897870063782, 52.75334167480469
503, -172.80227681994438, 2, 9.524859254001058, 273, 287546,                                             287546, 0.4003261923789978, 52.85462188720703
504, -225.39457884430885, 2, 14.148557152000649, 406, 287952,                                             287952, 0.4112638235092163, 52.80202865600586
505, -175.57689106464386, 2, 15.734834826000224, 460, 288412,                                             288412, 0.41467148065567017, 52.79270935058594
506, -188.01842394471169, 2, 15.962263526998868, 460, 288872,                                             288872, 0.4043746292591095, 52.72608184814453
507, -197.51349625736475, 2, 15.537517025000852, 451, 289323,                                             289323, 0.38882502913475037, 52.70865249633789
508, -236.78606513142586, 2, 18.365058572000635, 525, 289848,                                             289848, 0.40916287899017334, 52.69602584838867
509, -233.4685419201851, 2, 18.75059568299912, 544, 290392,                                             290392, 0.4095114767551422, 52.79544448852539
510, -259.0111379176378, 2, 17.550898503001008, 511, 290903,                                             290903, 0.4215189218521118, 52.62824249267578
511, -154.32349668443203, 2, 13.675661844001297, 387, 291290,                                             291290, 0.40702083706855774, 52.61965560913086
512, -221.2540706396103, 2, 15.551957694999146, 449, 291739,                                             291739, 0.42303165793418884, 52.636173248291016
513, -174.31261329352856, 2, 15.536138116000075, 445, 292184,                                             292184, 0.40249961614608765, 52.64603805541992
514, -257.9736583530903, 2, 17.749403199999506, 517, 292701,                                             292701, 0.39788758754730225, 52.537391662597656
515, -246.11331883072853, 2, 16.940977258998828, 481, 293182,                                             293182, 0.39558112621307373, 52.64899444580078
516, -209.92312015593052, 2, 15.348309414999676, 445, 293627,                                             293627, 0.4154249429702759, 52.497642517089844
517, -203.50816679000854, 2, 16.74102128800041, 473, 294100,                                             294100, 0.39890849590301514, 52.50750732421875
518, -239.53812780976295, 2, 16.356317752000905, 472, 294572,                                             294572, 0.40757328271865845, 52.44529724121094
519, -120.38030257821083, 2, 13.732688014000814, 386, 294958,                                             294958, 0.4140447974205017, 52.406883239746094
520, -354.0058395564556, 2, 24.97660320599971, 724, 295682,                                             295682, 0.3991399109363556, 52.471614837646484
521, -191.92671010643244, 2, 17.678963528000168, 500, 296182,                                             296182, 0.4005981683731079, 52.49766540527344
522, -298.5355983674526, 2, 20.37298601800103, 584, 296766,                                             296766, 0.40733903646469116, 52.426902770996094
523, -188.537838883698, 2, 14.335597449999113, 408, 297174,                                             297174, 0.4003986716270447, 52.40485763549805
524, -166.15867838263512, 2, 14.55357426699993, 417, 297591,                                             297591, 0.3964691758155823, 52.44552230834961
525, -204.74650380015373, 2, 15.556860635000703, 453, 298044,                                             298044, 0.3985694348812103, 52.3770637512207
526, -179.52308608591557, 2, 14.152729506000469, 408, 298452,                                             298452, 0.40944287180900574, 52.29093551635742
527, -244.35343053936958, 2, 16.559528791000048, 478, 298930,                                             298930, 0.3910358250141144, 52.3936882019043
528, -192.27213452756405, 2, 16.340037173999008, 467, 299397,                                             299397, 0.4050646424293518, 52.35261154174805
529, -207.8275564610958, 2, 15.750619712000116, 434, 299831,                                             299831, 0.4111521542072296, 52.318336486816406
530, -233.97468004375696, 2, 17.758649284998683, 496, 300327,                                             300327, 0.40048232674598694, 52.30025863647461
531, -289.99772757291794, 2, 20.321679152999423, 588, 300915,                                             300915, 0.39651161432266235, 52.28800582885742
532, -223.42908835411072, 2, 17.157596060000287, 495, 301410,                                             301410, 0.39405104517936707, 52.25365447998047
533, -220.46682152152061, 2, 15.539222068000527, 443, 301853,                                             301853, 0.4022667706012726, 52.1737174987793
534, -154.0055145099759, 2, 13.551995085999806, 384, 302237,                                             302237, 0.40574702620506287, 52.16127395629883
535, -333.88864946365356, 2, 23.369129554999745, 668, 302905,                                             302905, 0.4011881351470947, 52.089786529541016
536, 94.73989219218493, 1, 1.2926890580001782, 30, 302935,                                             302935, 0.3970028758049011, 52.3154411315918
537, -274.7107587456703, 2, 17.9641804820003, 521, 303456,                                             303456, 0.3882621228694916, 52.112396240234375
538, -160.82804606109858, 2, 14.751867918999778, 415, 303871,                                             303871, 0.4075142443180084, 52.17525100708008
539, -294.45268696546555, 2, 21.14466091400027, 604, 304475,                                             304475, 0.3852573037147522, 52.116050720214844
540, -175.7294717952609, 2, 14.353152188999957, 407, 304882,                                             304882, 0.4050341248512268, 52.0810432434082
541, -220.10345301032066, 2, 14.874365646001024, 425, 305307,                                             305307, 0.39099833369255066, 52.151268005371094
542, 73.39533112943172, 1, 6.317001303999859, 173, 305480,                                             305480, 0.41898292303085327, 52.02347183227539
543, -141.43207216262817, 2, 9.119764166000095, 255, 305735,                                             305735, 0.38910365104675293, 52.09404754638672
544, -187.55977360904217, 2, 13.35246111000015, 383, 306118,                                             306118, 0.4074617922306061, 52.033416748046875
545, 94.12620432674885, 1, 1.3038214200005314, 30, 306148,                                             306148, 0.3900701105594635, 52.2066764831543
546, -182.51587542891502, 2, 14.533808384001532, 413, 306561,                                             306561, 0.39287522435188293, 52.03748321533203
547, -235.02696280181408, 2, 15.96291985300013, 461, 307022,                                             307022, 0.41904690861701965, 52.112159729003906
548, -168.31558294594288, 2, 14.958367902001555, 419, 307441,                                             307441, 0.39317798614501953, 52.10585021972656
549, -204.46852913498878, 2, 14.733043545998953, 421, 307862,                                             307862, 0.3931720554828644, 51.98995590209961
550, -214.58100777864456, 2, 16.561177456000223, 470, 308332,                                             308332, 0.40748852491378784, 51.97220993041992
551, -131.3516270071268, 2, 13.08586190800088, 346, 308678,                                             308678, 0.38891565799713135, 51.8679084777832
552, -150.3467335253954, 2, 14.749772179000502, 393, 309071,                                             309071, 0.4178440272808075, 51.892478942871094
553, 67.77848815917969, 1, 7.332944796000447, 208, 309279,                                             309279, 0.4141223728656769, 51.92905044555664
554, -246.33124148845673, 2, 14.286444807999942, 412, 309691,                                             309691, 0.43077853322029114, 51.859710693359375
555, -188.80361375957727, 2, 13.933574049999152, 393, 310084,                                             310084, 0.4006710648536682, 51.940128326416016
556, -186.40165993571281, 2, 12.908251404000112, 373, 310457,                                             310457, 0.4029976725578308, 51.8929328918457
557, 70.1615444868803, 1, 7.717534641999009, 216, 310673,                                             310673, 0.3927519619464874, 51.74870681762695
558, -129.5555280148983, 2, 8.322941683998579, 235, 310908,                                             310908, 0.4035571813583374, 52.058563232421875
559, 89.45130334049463, 1, 2.7189382429987745, 72, 310980,                                             310980, 0.39198076725006104, 51.70296096801758
560, -167.08691400289536, 2, 13.854710605999571, 392, 311372,                                             311372, 0.4086422324180603, 51.7664680480957
561, -263.9461305886507, 2, 17.874869559998842, 516, 311888,                                             311888, 0.4051930010318756, 51.87156295776367
562, -160.52387299388647, 2, 14.866476186, 421, 312309,                                             312309, 0.41884347796440125, 51.78837966918945
563, -238.28296646475792, 2, 16.15734283399979, 467, 312776,                                             312776, 0.39738789200782776, 51.8039436340332
564, -230.91808929294348, 2, 19.317992786000104, 540, 313316,                                             313316, 0.3893599808216095, 51.71696090698242
565, -160.59653654694557, 2, 14.149031955999817, 407, 313723,                                             313723, 0.393375039100647, 51.7884521484375
566, -201.17463928461075, 2, 18.27273220799907, 514, 314237,                                             314237, 0.38625648617744446, 51.72158432006836
567, -283.20845943689346, 2, 19.743210844000714, 563, 314800,                                             314800, 0.38965457677841187, 51.71944046020508
568, -173.596131965518, 2, 14.110297183000512, 402, 315202,                                             315202, 0.3970246911048889, 51.6543083190918
569, -221.55636033415794, 2, 15.737718076999954, 441, 315643,                                             315643, 0.3936481177806854, 51.67622756958008
570, -243.87211956083775, 2, 16.895851609999227, 480, 316123,                                             316123, 0.3969775438308716, 51.64459991455078
571, -159.8170126825571, 2, 13.279292361999978, 384, 316507,                                             316507, 0.39135003089904785, 51.6677131652832
572, -229.9705612808466, 2, 15.897158902000228, 457, 316964,                                             316964, 0.4068552851676941, 51.77699661254883
573, -166.85772880911827, 2, 12.950192756001343, 371, 317335,                                             317335, 0.3836103081703186, 51.67669677734375
574, -205.60264701396227, 2, 16.281567657000778, 467, 317802,                                             317802, 0.3909589648246765, 51.56523895263672
575, -246.4486856535077, 2, 17.561895885000922, 504, 318306,                                             318306, 0.4037361443042755, 51.56960678100586
576, -208.48655086755753, 2, 13.47258383299959, 377, 318683,                                             318683, 0.39399152994155884, 51.65128707885742
577, -256.3568787574768, 2, 21.370627066000452, 607, 319290,                                             319290, 0.40812650322914124, 51.571556091308594
578, -176.23459833860397, 2, 14.132971208999152, 400, 319690,                                             319690, 0.3815556466579437, 51.61140441894531
579, 73.25125797092915, 1, 5.9324517420009215, 167, 319857,                                             319857, 0.3959445059299469, 51.571571350097656
580, -160.04318004846573, 2, 8.610750943000312, 241, 320098,                                             320098, 0.39619073271751404, 51.557613372802734
581, -233.097274646163, 2, 19.907556538999415, 572, 320670,                                             320670, 0.4097840487957001, 51.53800582885742
582, -255.5749351978302, 2, 17.296832279998853, 495, 321165,                                             321165, 0.3775532841682434, 51.508209228515625
583, -198.33715756237507, 2, 15.151236580999466, 428, 321593,                                             321593, 0.383063405752182, 51.53516387939453
584, -123.0070646032691, 2, 13.888018686000578, 383, 321976,                                             321976, 0.3956889510154724, 51.47059631347656
585, -164.50637143850327, 2, 14.754153192998274, 421, 322397,                                             322397, 0.400234580039978, 51.5565071105957
586, -247.53557580709457, 2, 17.491972959000123, 499, 322896,                                             322896, 0.3978724777698517, 51.43581008911133
587, -164.42716675251722, 2, 13.554925342999923, 384, 323280,                                             323280, 0.3721315860748291, 51.3098258972168
588, -210.32308553904295, 2, 16.494406111998615, 466, 323746,                                             323746, 0.3924577236175537, 51.425384521484375
589, -177.87121510505676, 2, 16.360849012999097, 463, 324209,                                             324209, 0.39547595381736755, 51.36595916748047
590, -208.22996494919062, 2, 16.078129331999662, 456, 324665,                                             324665, 0.4001646935939789, 51.44859313964844
591, -178.9097946509719, 2, 14.257693637999182, 403, 325068,                                             325068, 0.3902696967124939, 51.39200973510742
592, -197.46622569859028, 2, 14.718340743998851, 424, 325492,                                             325492, 0.40294313430786133, 51.26578140258789
593, -171.75039340555668, 2, 13.730515811999794, 387, 325879,                                             325879, 0.38492247462272644, 51.25360870361328
594, -187.28355108201504, 2, 12.887288855999941, 366, 326245,                                             326245, 0.39511430263519287, 51.2947883605957
595, 80.7864825129509, 1, 4.329826275999949, 121, 326366,                                             326366, 0.3810092508792877, 51.1905517578125
596, -202.50613233447075, 2, 11.931575962000352, 334, 326700,                                             326700, 0.37705326080322266, 51.25019454956055
597, -152.38887221366167, 2, 14.678782097000294, 414, 327114,                                             327114, 0.38957661390304565, 51.222835540771484
598, -251.48023933172226, 2, 16.55959798099866, 469, 327583,                                             327583, 0.41156068444252014, 51.33772659301758
599, -187.1170944646001, 2, 14.268637024000782, 397, 327980,                                             327980, 0.389237642288208, 51.297218322753906
600, -266.2042023539543, 2, 20.762695325000095, 586, 328566,                                             328566, 0.3945160210132599, 51.286991119384766
601, -179.92666406929493, 2, 14.411907256999257, 397, 328963,                                             328963, 0.3962305188179016, 51.308555603027344
602, -299.3643664121628, 2, 20.967293355999573, 594, 329557,                                             329557, 0.3883751630783081, 51.296268463134766
603, -155.46353620290756, 2, 14.098837673998787, 397, 329954,                                             329954, 0.3941337466239929, 51.33388137817383
604, -163.13044108450413, 2, 13.331501768001544, 373, 330327,                                             330327, 0.3930428922176361, 51.18586730957031
605, -200.49740817397833, 2, 15.489920525000343, 438, 330765,                                             330765, 0.38671788573265076, 51.16875457763672
606, -216.83103969693184, 2, 13.528129782000178, 379, 331144,                                             331144, 0.39917925000190735, 51.2785530090332
607, -136.01337409764528, 2, 13.716628533999028, 389, 331533,                                             331533, 0.3934808671474457, 51.21516418457031
608, -160.04340751469135, 2, 13.932381733000511, 385, 331918,                                             331918, 0.37180212140083313, 51.209678649902344
609, -188.92747555673122, 2, 14.084058503998676, 393, 332311,                                             332311, 0.36827123165130615, 51.13260269165039
