episode, reward, success, duration, steps, total_steps, memory length, avg_critic_loss, avg_actor_loss
501, 75.12217524647713, 1, 2.793028875999994, 50, 488349,                                             488349, 3.1490087509155273, 88.5611343383789
502, -955.4146302938461, 2, 14.382662535000009, 296, 488645,                                             488645, 1.8393467664718628, 88.52082824707031
503, -1469.965468376875, 4, 49.30377128399999, 1051, 489696,                                             489696, 1.729872226715088, 88.62687683105469
504, -273.19747987389565, 1, 17.16268219899999, 362, 490058,                                             490058, 1.8343749046325684, 88.7538833618164
505, -298.9952337741852, 1, 29.497594295, 614, 490672,                                             490672, 1.6177105903625488, 88.67306518554688
506, -160.8335435539484, 1, 27.34469186199999, 529, 491201,                                             491201, 1.669172763824463, 88.6919174194336
507, -726.5665658265352, 1, 25.130791431999967, 526, 491727,                                             491727, 1.5909202098846436, 88.4830093383789
508, -445.79382878541946, 2, 5.346037103000015, 118, 491845,                                             491845, 1.8714708089828491, 88.09403228759766
509, -390.7231229543686, 1, 14.236041664000027, 298, 492143,                                             492143, 1.6185091733932495, 88.32732391357422
510, -510.5807237625122, 2, 1.5274797270000136, 31, 492174,                                             492174, 1.6183140277862549, 88.91050720214844
511, -47.20992970466614, 1, 12.101602774000014, 262, 492436,                                             492436, 1.6848716735839844, 88.45457458496094
512, -573.4548905491829, 2, 9.138540814999999, 213, 492649,                                             492649, 1.6985279321670532, 89.18712615966797
513, -574.3142200708389, 2, 12.861393798999984, 265, 492914,                                             492914, 1.6995681524276733, 88.81346130371094
514, -815.3811855912209, 2, 14.162960005000002, 334, 493248,                                             493248, 1.748826265335083, 89.42750549316406
515, -21.973677039146423, 1, 12.676009471000043, 284, 493532,                                             493532, 1.762783169746399, 88.28462982177734
516, -335.8586627840996, 1, 24.772872911000036, 584, 494116,                                             494116, 1.674828290939331, 88.53633880615234
517, -418.8974945694208, 1, 25.960614496999995, 614, 494730,                                             494730, 1.7527652978897095, 88.41802978515625
518, -268.1865585297346, 1, 23.048825715999953, 568, 495298,                                             495298, 1.7042096853256226, 88.03253936767578
519, -399.6170789897442, 2, 5.726497641000037, 130, 495428,                                             495428, 1.6275193691253662, 88.40377807617188
520, -17.93538197875023, 1, 13.289669002999972, 309, 495737,                                             495737, 1.6244251728057861, 87.95693969726562
521, -96.80793023109436, 1, 19.39140564300004, 457, 496194,                                             496194, 1.8022640943527222, 88.5240249633789
522, -244.81817615032196, 1, 15.512527227000078, 358, 496552,                                             496552, 1.8848602771759033, 88.47787475585938
523, -583.2669167816639, 2, 5.926006097000027, 138, 496690,                                             496690, 1.6867008209228516, 88.49786376953125
524, -682.112687677145, 2, 13.534541880999996, 308, 496998,                                             496998, 1.5865389108657837, 88.20011138916016
525, 56.02295544743538, 1, 3.9202331200000344, 86, 497084,                                             497084, 1.5228899717330933, 88.12210083007812
526, -588.776491895318, 1, 21.497098365999932, 504, 497588,                                             497588, 1.6834354400634766, 88.00240325927734
527, -620.7039589881897, 2, 12.26825541800008, 283, 497871,                                             497871, 1.8622249364852905, 87.73243713378906
528, -727.4195273816586, 2, 15.148658826999963, 369, 498240,                                             498240, 1.7689071893692017, 87.81513214111328
529, 26.57786327600479, 1, 6.329105463000019, 148, 498388,                                             498388, 1.6999050378799438, 86.8565444946289
530, -573.8986773788929, 2, 16.103210424000054, 382, 498770,                                             498770, 1.8090060949325562, 88.84955596923828
531, -18.998310655355453, 1, 10.179524633000028, 250, 499020,                                             499020, 1.741881251335144, 88.1484375
532, -1196.0334545075893, 1, 23.316564640000024, 562, 499582,                                             499582, 1.7307665348052979, 88.14572143554688
533, -504.0616210401058, 2, 10.325687711, 246, 499828,                                             499828, 1.8864213228225708, 87.76020812988281
534, -583.5238654613495, 2, 12.712412771999993, 300, 500128,                                             500128, 1.859845757484436, 87.99324035644531
535, -607.5075817406178, 2, 12.743573417000107, 305, 500433,                                             500433, 1.766700267791748, 87.6656494140625
536, -679.2929810285568, 2, 14.128969218000066, 336, 500769,                                             500769, 1.7751485109329224, 87.69367218017578
537, 27.4801165163517, 1, 6.665099665999946, 156, 500925,                                             500925, 1.6180095672607422, 87.28279876708984
538, -200.45615074038506, 1, 18.743120819999945, 448, 501373,                                             501373, 1.846022605895996, 88.22200775146484
539, -496.40185582637787, 2, 3.1359523840000065, 72, 501445,                                             501445, 1.6592273712158203, 86.42635345458984
540, 48.921045899391174, 1, 4.0312262170000395, 89, 501534,                                             501534, 1.9909343719482422, 87.28718566894531
541, -135.66507910192013, 1, 19.02402839199999, 455, 501989,                                             501989, 1.6980502605438232, 88.24889373779297
542, -583.4087144434452, 2, 6.111634902999981, 139, 502128,                                             502128, 1.708445429801941, 87.41053771972656
543, -81.17671424150467, 1, 15.47400621700001, 362, 502490,                                             502490, 1.8018375635147095, 87.16580200195312
544, -273.3515321314335, 1, 15.349294719999989, 365, 502855,                                             502855, 1.7933547496795654, 87.32020568847656
545, -1310.7839729487896, 2, 19.292969034000066, 461, 503316,                                             503316, 1.9527132511138916, 87.80830383300781
546, -109.69047972559929, 1, 16.334101895000003, 385, 503701,                                             503701, 1.8426949977874756, 87.26863861083984
547, -1552.3937824368477, 2, 33.54545177800003, 758, 504459,                                             504459, 1.7605239152908325, 87.17269134521484
548, -758.2067580968142, 2, 17.943937930999937, 373, 504832,                                             504832, 1.8167508840560913, 87.78011322021484
549, 57.82712212204933, 1, 3.5218760049999673, 74, 504906,                                             504906, 1.8995472192764282, 87.19625091552734
550, -47.00915768742561, 1, 15.466166275999967, 321, 505227,                                             505227, 1.6825295686721802, 87.43470001220703
551, -432.93371829390526, 2, 5.326872028000025, 109, 505336,                                             505336, 1.8457527160644531, 88.2169189453125
552, -678.2825172841549, 2, 16.560943994000013, 335, 505671,                                             505671, 1.8713606595993042, 87.5135269165039
553, 0.11811849474906921, 1, 8.432689428999993, 178, 505849,                                             505849, 1.861876368522644, 87.77881622314453
