episode, reward, success, duration, steps, total_steps, memory length, avg_critic_loss, avg_actor_loss
501, -915.0480822771788, 2, 10.60186551999999, 358, 488657,                                             50811, 5.961860179901123, 182.4871063232422
502, -1841.3651099205017, 2, 14.143682901999995, 487, 489144,                                             51298, 4.919992923736572, 182.8780517578125
503, -5022.84131975472, 4, 49.57637388399999, 1729, 490873,                                             53027, 4.693500518798828, 186.67984008789062
504, -1774.0090603232384, 2, 29.375866390999988, 1001, 491874,                                             54028, 4.597825527191162, 190.80413818359375
505, -2802.183973863721, 4, 49.91117838399998, 1738, 493612,                                             55766, 4.470041751861572, 192.20057678222656
506, -2946.427035495639, 4, 49.584903053000005, 1725, 495337,                                             57491, 4.45702600479126, 195.29269409179688
507, -2983.3193665742874, 4, 49.563535657000045, 1721, 497058,                                             59212, 4.523635387420654, 197.73777770996094
508, -2808.9490782022476, 4, 49.57412935799999, 1726, 498784,                                             60938, 4.618830680847168, 200.09426879882812
509, -3051.726265400648, 2, 44.340431351999996, 1538, 500322,                                             62476, 4.642026424407959, 202.84263610839844
510, -4169.799305662513, 2, 48.00491728399999, 1643, 501965,                                             64119, 4.8103156089782715, 205.60707092285156
511, -1467.6938678324223, 2, 24.560269940000012, 765, 502730,                                             64884, 4.879030227661133, 206.67111206054688
512, -3509.4898229688406, 4, 49.358324003999996, 1556, 504286,                                             66440, 5.062105178833008, 208.1820831298828
513, -1910.1942094564438, 2, 23.56630070999995, 803, 505089,                                             67243, 5.073392868041992, 209.05197143554688
514, -3090.756156742573, 4, 49.35625037, 1674, 506763,                                             68917, 5.188406467437744, 210.67733764648438
515, -2799.6569687873125, 4, 50.59283282399997, 1742, 508505,                                             70659, 5.331079959869385, 212.20640563964844
516, -1652.9208955168724, 2, 21.12601839900003, 714, 509219,                                             71373, 5.392328262329102, 213.3712615966797
517, -2245.848331645131, 2, 49.756305167999926, 1673, 510892,                                             73046, 5.419227123260498, 214.62890625
518, -2598.3710573017597, 4, 49.580650553000055, 1698, 512590,                                             74744, 5.623619079589844, 216.7476043701172
519, -2007.5077479630709, 4, 49.97923945599996, 1684, 514274,                                             76428, 5.7507219314575195, 218.31329345703125
520, -3346.3168857097626, 4, 50.346416481999995, 1758, 516032,                                             78186, 5.877239227294922, 220.6196746826172
521, -3413.1181298047304, 4, 50.035988363, 1859, 517891,                                             80045, 6.146478176116943, 223.7224884033203
522, -1436.8567109405994, 1, 27.11063396199995, 982, 518873,                                             81027, 6.2009358406066895, 226.3947296142578
523, -3063.298249423504, 4, 49.81437540700006, 1847, 520720,                                             82874, 6.451446056365967, 226.9869842529297
524, -4083.0366165190935, 4, 49.741416740999966, 1822, 522542,                                             84696, 6.528387546539307, 228.46078491210938
525, -3383.5283922553062, 4, 50.185075348000055, 1827, 524369,                                             86523, 6.714923858642578, 231.77020263671875
526, -1718.2291703820229, 4, 50.18464516599988, 1800, 526169,                                             88323, 6.885197639465332, 234.0789031982422
527, -2946.836226657033, 4, 49.53979871699994, 1806, 527975,                                             90129, 6.948091506958008, 235.1683807373047
528, -6552.303104713559, 2, 46.990667408000036, 1671, 529646,                                             91800, 7.094897747039795, 236.67543029785156
529, -4095.8622528910637, 2, 37.94266032399992, 1132, 530778,                                             92932, 7.493742942810059, 240.1304931640625
530, -1628.2583385258913, 4, 49.584560883999984, 1511, 532289,                                             94443, 7.641856670379639, 241.94552612304688
531, -2439.7959657907486, 2, 20.695639607999965, 723, 533012,                                             95166, 7.729954242706299, 242.85870361328125
532, -3614.9550660550594, 2, 44.177569663999975, 1589, 534601,                                             96755, 7.666324138641357, 245.31842041015625
533, -1601.785272538662, 2, 15.343828615999882, 548, 535149,                                             97303, 7.974674224853516, 247.4515838623047
534, -1538.3693479895592, 1, 27.350300101999892, 979, 536128,                                             98282, 7.799239635467529, 247.82594299316406
535, -4677.559880524874, 4, 50.32230132300015, 1811, 537939,                                             100093, 7.893553256988525, 249.21388244628906
536, -3212.0959073752165, 2, 46.799645544000214, 1684, 539623,                                             101777, 8.06627368927002, 251.23928833007812
537, -2212.445735991001, 2, 31.141302828000107, 1123, 540746,                                             102900, 8.183149337768555, 253.28395080566406
538, -1842.9369471669197, 2, 32.943179139999984, 1179, 541925,                                             104079, 8.169916152954102, 255.01502990722656
539, -2133.975561887026, 4, 49.95892536800011, 1787, 543712,                                             105866, 8.166889190673828, 255.9987335205078
540, -1338.5594752132893, 2, 14.747818226999925, 537, 544249,                                             106403, 8.194595336914062, 255.9159698486328
541, -2527.673219129443, 4, 50.167440296999985, 1614, 545863,                                             108017, 8.43181324005127, 257.0882263183594
542, -1275.446389913559, 2, 15.937544715000058, 496, 546359,                                             108513, 8.349310874938965, 258.0790100097656
543, -659.9531702846289, 1, 18.720992995000188, 631, 546990,                                             109144, 8.52520751953125, 258.09869384765625
544, -1281.1440943479538, 2, 21.896628643999975, 685, 547675,                                             109829, 8.478288650512695, 258.4140625
545, -1029.512878075242, 1, 29.368991895999898, 957, 548632,                                             110786, 8.593500137329102, 258.8514404296875
546, -2989.231673628092, 4, 50.367434927999966, 1634, 550266,                                             112420, 8.593393325805664, 258.8450012207031
547, -1420.199434041977, 4, 49.564582998000105, 1548, 551814,                                             113968, 8.570700645446777, 259.91571044921875
548, -1577.418122112751, 4, 49.79558134600006, 1667, 553481,                                             115635, 8.640936851501465, 259.7452087402344
549, -3033.1602982729673, 4, 49.153053364000016, 1684, 555165,                                             117319, 8.591059684753418, 259.9935607910156
550, -1708.735787883401, 4, 49.540288035999765, 1733, 556898,                                             119052, 8.763236045837402, 260.7868347167969
551, -1542.48178781569, 2, 26.355415967000226, 925, 557823,                                             119977, 8.763657569885254, 260.88482666015625
552, 86.06763790547848, 1, 1.1035450899998978, 30, 557853,                                             120007, 9.034120559692383, 262.07135009765625
553, -3830.5832710266113, 2, 36.90842707899992, 1302, 559155,                                             121309, 8.845559120178223, 261.9508056640625
554, -2246.7837264090776, 4, 50.60676888399985, 1793, 560948,                                             123102, 9.036724090576172, 263.22711181640625
555, -4390.26849232614, 2, 47.342319947000306, 1669, 562617,                                             124771, 9.058326721191406, 264.09051513671875
556, -1056.2559679746628, 2, 16.155955422999796, 570, 563187,                                             125341, 9.106980323791504, 266.8397216796875
557, -2496.974803209305, 2, 17.096945979999873, 597, 563784,                                             125938, 9.200406074523926, 266.0710144042969
558, -2570.1853177547455, 4, 49.38611468799991, 1745, 565529,                                             127683, 9.340563774108887, 267.07366943359375
559, -2107.4739368855953, 4, 49.15602447099991, 1726, 567255,                                             129409, 9.24609375, 267.7098083496094
560, -2786.053157493472, 4, 49.401786021000134, 1737, 568992,                                             131146, 9.287537574768066, 268.0278015136719
561, -1820.6208424717188, 2, 32.17318341000009, 1097, 570089,                                             132243, 9.339890480041504, 268.743896484375
562, -7439.830517113209, 2, 42.330365123999854, 1469, 571558,                                             133712, 9.38039493560791, 270.5250244140625
563, -152.82372850179672, 1, 12.34177498500003, 416, 571974,                                             134128, 9.234108924865723, 272.5483093261719
564, -4356.351557359099, 2, 43.13831319300016, 1502, 573476,                                             135630, 9.54729175567627, 273.5628967285156
565, -1758.2184370160103, 2, 28.789428989000044, 1011, 574487,                                             136641, 9.575352668762207, 274.8257751464844
566, -604.419111341238, 1, 21.686357372000202, 742, 575229,                                             137383, 9.569664001464844, 274.56292724609375
567, -2567.6187338531017, 2, 22.537654198999917, 769, 575998,                                             138152, 9.540863037109375, 274.36334228515625
568, -2691.256561934948, 4, 49.56810686100016, 1714, 577712,                                             139866, 9.574528694152832, 274.98651123046875
569, -3189.9367409050465, 4, 50.19276169300019, 1750, 579462,                                             141616, 9.636100769042969, 275.43048095703125
570, -2232.717423260212, 4, 49.74765322699977, 1712, 581174,                                             143328, 9.652524948120117, 275.99444580078125
571, -1776.5073385313153, 4, 50.80744684799993, 1725, 582899,                                             145053, 9.59044075012207, 275.5075988769531
572, -2403.5591707229614, 4, 48.763263695000205, 1680, 584579,                                             146733, 9.593462944030762, 275.3678283691406
573, -1470.1921316981316, 4, 49.58541423399993, 1716, 586295,                                             148449, 9.625410079956055, 274.73883056640625
574, -228.17169098556042, 1, 13.921590768999977, 468, 586763,                                             148917, 9.528136253356934, 274.3177185058594
575, -3910.92881667614, 4, 49.773364351000055, 1704, 588467,                                             150621, 9.466748237609863, 274.80279541015625
576, -1516.1101707965136, 4, 50.17947107500004, 1716, 590183,                                             152337, 9.5357084274292, 275.2884216308594
577, -2250.6757236123085, 2, 24.11848524600009, 812, 590995,                                             153149, 9.647613525390625, 274.2305908203125
578, -2537.627181470394, 4, 50.010418085999845, 1704, 592699,                                             154853, 9.567207336425781, 273.9757995605469
579, 39.291566640138626, 1, 3.9219431149999764, 134, 592833,                                             154987, 9.566279411315918, 274.4583740234375
580, -3063.5921190977097, 2, 44.12481989800017, 1482, 594315,                                             156469, 9.609622955322266, 274.0005187988281
581, -3676.9478179216385, 2, 30.387573903999964, 1018, 595333,                                             157487, 9.754072189331055, 273.93853759765625
582, -3153.8079668283463, 4, 49.57398083599992, 1683, 597016,                                             159170, 9.743005752563477, 274.0869140625
583, -310.41775849461555, 1, 15.3504876410002, 510, 597526,                                             159680, 9.840235710144043, 274.1463317871094
584, -8430.765263080597, 4, 50.573161137999705, 1721, 599247,                                             161401, 10.14384651184082, 274.0655822753906
585, -500.53958152234554, 1, 20.467921516999922, 672, 599919,                                             162073, 10.33491039276123, 275.09039306640625
586, -2826.4584532231092, 4, 49.810426572000324, 1686, 601605,                                             163759, 10.321861267089844, 274.4141540527344
587, -1830.205651536584, 4, 49.962687276999986, 1687, 603292,                                             165446, 10.260037422180176, 273.47930908203125
588, -5085.509710609913, 2, 34.1356114729997, 1139, 604431,                                             166585, 10.238648414611816, 273.6611022949219
589, -2313.4519943892956, 4, 49.776432013999965, 1669, 606100,                                             168254, 10.333303451538086, 274.1589050292969
590, -2386.469011604786, 4, 49.55287676299986, 1620, 607720,                                             169874, 10.21895694732666, 273.4578857421875
591, -2286.23093059659, 4, 49.38060059700001, 1640, 609360,                                             171514, 10.35941219329834, 273.123046875
592, 18.549605131149292, 1, 5.325702819000071, 172, 609532,                                             171686, 10.35009479522705, 272.7720947265625
593, -2238.6379673182964, 4, 49.73824964999994, 1671, 611203,                                             173357, 10.220884323120117, 272.5418701171875
594, -4510.184093758464, 4, 49.79197484999986, 1683, 612886,                                             175040, 10.170023918151855, 272.51947021484375
595, -2866.2354741692543, 4, 49.35260399500021, 1653, 614539,                                             176693, 10.355902671813965, 273.8348693847656
596, -2674.7351318597794, 4, 50.19923412800017, 1689, 616228,                                             178382, 10.260643005371094, 273.19970703125
597, -1006.345040678978, 1, 32.74760986699994, 1089, 617317,                                             179471, 10.349706649780273, 273.2528991699219
598, -3123.677327275276, 4, 50.15328455400004, 1651, 618968,                                             181122, 10.397404670715332, 273.50640869140625
599, -1061.575909346342, 1, 26.544495497999833, 878, 619846,                                             182000, 10.065657615661621, 272.98260498046875
600, -2744.414228975773, 4, 50.18335471099999, 1667, 621513,                                             183667, 10.260604858398438, 272.9405212402344
601, -2799.8291668891907, 4, 49.20585754299964, 1625, 623138,                                             185292, 10.18408489227295, 272.6949462890625
602, -1846.4550413787365, 4, 49.49462342100014, 1647, 624785,                                             186939, 10.221039772033691, 272.3388366699219
603, -4998.561924755573, 1, 45.33233383900006, 1497, 626282,                                             188436, 10.052559852600098, 271.79132080078125
604, -2260.5825714319944, 4, 49.37902708599995, 1633, 627915,                                             190069, 10.21660327911377, 272.34832763671875
605, -1003.0337716042995, 1, 32.9538897249995, 1084, 628999,                                             191153, 10.160565376281738, 271.9005126953125
606, -1818.41259598732, 4, 49.36528125699988, 1628, 630627,                                             192781, 10.235824584960938, 271.59222412109375
607, -303.70180156826973, 1, 17.109803196999565, 556, 631183,                                             193337, 10.459366798400879, 271.2134704589844
608, -877.8639918863773, 1, 35.9362363780001, 1177, 632360,                                             194514, 10.30429744720459, 270.2940673828125
609, -2161.50574234128, 4, 49.995533010000145, 1645, 634005,                                             196159, 10.102387428283691, 269.45660400390625
610, -2091.4726363420486, 4, 49.159656015999644, 1607, 635612,                                             197766, 10.09949779510498, 269.3652648925781
611, -835.9248753637075, 1, 37.76436066599945, 1245, 636857,                                             199011, 10.023117065429688, 269.1253662109375
612, -5150.860763192177, 4, 50.164737942999636, 1637, 638494,                                             200648, 10.042611122131348, 268.7423095703125
613, 84.62423856556416, 1, 1.3145513710005616, 42, 638536,                                             200690, 10.213644981384277, 270.8778991699219
614, -1834.714048743248, 4, 49.77805518600053, 1640, 640176,                                             202330, 10.160998344421387, 269.2487487792969
615, -6208.565724849701, 4, 49.34583352900063, 1610, 641786,                                             203940, 10.11386775970459, 267.94708251953125
616, -2913.5454815626144, 4, 49.57659756799967, 1629, 643415,                                             205569, 10.222039222717285, 268.98675537109375
617, -233.7477726340294, 1, 15.916054050000639, 517, 643932,                                             206086, 10.289352416992188, 268.611328125
618, -1862.5971774160862, 4, 49.76619293100066, 1637, 645569,                                             207723, 10.220980644226074, 269.0758361816406
619, -2665.9733716249466, 4, 49.77062106300036, 1628, 647197,                                             209351, 10.188844680786133, 268.01324462890625
620, -3130.7231592983007, 4, 49.6001618549999, 1625, 648822,                                             210976, 10.205949783325195, 267.6748962402344
621, -2120.550540998578, 4, 49.7604231360001, 1627, 650449,                                             212603, 10.069968223571777, 267.5572509765625
622, -7038.0837443470955, 4, 49.161574570000084, 1602, 652051,                                             214205, 10.086424827575684, 267.6104736328125
623, -1974.2351546883583, 4, 49.194932438999786, 1596, 653647,                                             215801, 10.123466491699219, 267.57098388671875
624, -2099.7399445921183, 4, 49.15345389100003, 1601, 655248,                                             217402, 10.149446487426758, 267.1494140625
625, -2826.0510450303555, 2, 42.76603430000068, 1398, 656646,                                             218800, 9.998353958129883, 266.5535583496094
626, -2928.379556879401, 4, 49.562384729999394, 1610, 658256,                                             220410, 9.973047256469727, 265.6220397949219
627, -3085.010789036751, 4, 50.38915993599949, 1639, 659895,                                             222049, 10.056321144104004, 266.1927795410156
628, -5892.621485710144, 4, 49.16009354800008, 1591, 661486,                                             223640, 10.03768253326416, 265.0539855957031
629, 10.88501900434494, 1, 4.925062334999893, 157, 661643,                                             223797, 10.178088188171387, 265.70635986328125
630, -2163.5236178040504, 4, 50.15763753199917, 1623, 663266,                                             225420, 10.021308898925781, 265.0357666015625
631, -1691.3547008186579, 4, 50.17424130499967, 1627, 664893,                                             227047, 10.060408592224121, 264.58831787109375
632, -2153.368916809559, 4, 49.332676572999844, 1591, 666484,                                             228638, 10.008373260498047, 264.13494873046875
633, 55.209601640701294, 1, 2.51868861299954, 77, 666561,                                             228715, 9.83041763305664, 263.2669677734375
634, -3109.587682425976, 4, 50.182551439000235, 1628, 668189,                                             230343, 10.130205154418945, 264.04718017578125
635, -5263.778687953949, 4, 50.18423958099993, 1625, 669814,                                             231968, 10.142258644104004, 265.01324462890625
636, -1775.76321926713, 4, 49.38857610100058, 1598, 671412,                                             233566, 10.202781677246094, 265.0981750488281
637, -4940.708638370037, 4, 49.35474742699989, 1583, 672995,                                             235149, 10.250589370727539, 264.72308349609375
638, -4681.16602358222, 4, 49.75430737199986, 1600, 674595,                                             236749, 10.06243896484375, 265.0910339355469
639, -2963.010249376297, 4, 50.20143059600014, 1576, 676171,                                             238325, 10.161466598510742, 265.2645263671875
640, -3299.6218209266663, 4, 49.35672486299973, 1585, 677756,                                             239910, 10.226826667785645, 265.1404724121094
641, -3323.8884250968695, 4, 50.23105770699931, 1625, 679381,                                             241535, 10.202183723449707, 264.9931640625
642, -4488.636193305254, 4, 49.33886019700003, 1563, 680944,                                             243098, 10.365567207336426, 265.22216796875
643, -4854.353056401014, 4, 50.00808163700003, 1607, 682551,                                             244705, 10.45776653289795, 265.93731689453125
644, -1717.0098697394133, 4, 49.3614494680005, 1578, 684129,                                             246283, 10.565802574157715, 266.3129577636719
645, -3691.5336909741163, 1, 44.56534878399998, 1425, 685554,                                             247708, 10.438024520874023, 266.122314453125
646, -2465.375275492668, 4, 48.779370412999924, 1551, 687105,                                             249259, 10.514327049255371, 266.2205505371094
647, -3089.537207260728, 4, 49.96719564700015, 1492, 688597,                                             250751, 10.598919868469238, 266.4778137207031
648, -2569.3500835448503, 4, 49.170377690999885, 1541, 690138,                                             252292, 10.545742988586426, 266.3245544433594
649, -1850.3020271211863, 4, 49.75499531400055, 1473, 691611,                                             253765, 10.542996406555176, 265.9100341796875
650, 0.8692995011806488, 1, 6.935569866000151, 195, 691806,                                             253960, 10.768735885620117, 265.763427734375
651, -2106.875741869211, 4, 50.36898271100017, 1510, 693316,                                             255470, 10.599434852600098, 264.9086608886719
652, -2751.6371856331825, 4, 50.26622173800024, 1550, 694866,                                             257020, 10.476787567138672, 265.0221862792969
653, -309.104141831398, 1, 22.495311536999907, 705, 695571,                                             257725, 10.699912071228027, 264.55224609375
654, -5077.424226820469, 4, 50.18687136399967, 1553, 697124,                                             259278, 10.50686264038086, 265.2279968261719
655, -2249.8827706575394, 4, 50.15354462999949, 1558, 698682,                                             260836, 10.519667625427246, 265.61004638671875
656, -1916.937481611967, 4, 49.4190515600003, 1525, 700207,                                             262361, 10.562769889831543, 265.2379150390625
657, -1622.3599990308285, 4, 49.51856106999912, 1321, 701528,                                             263682, 10.474130630493164, 264.18548583984375
658, -2485.916899949312, 4, 50.20991035499992, 1347, 702875,                                             265029, 10.402990341186523, 264.1433410644531
659, -1479.8777161836624, 4, 49.16548165199947, 1311, 704186,                                             266340, 10.532330513000488, 263.65924072265625
660, -2413.423232614994, 4, 49.16038636600024, 1301, 705487,                                             267641, 10.369580268859863, 263.2434387207031
661, -1642.7352259457111, 4, 49.35418342699995, 1440, 706927,                                             269081, 10.326277732849121, 262.7301330566406
662, -2395.946304962039, 4, 49.34866321499976, 1531, 708458,                                             270612, 10.295036315917969, 262.3179016113281
663, -2409.701861515641, 4, 49.58918718200039, 1555, 710013,                                             272167, 10.375701904296875, 261.4750671386719
664, -878.1306784898043, 1, 38.169720019000124, 1199, 711212,                                             273366, 10.26625919342041, 261.2884826660156
665, -5541.2495104670525, 4, 49.341458660999706, 1540, 712752,                                             274906, 10.32890796661377, 261.31005859375
666, -1928.46968460083, 4, 49.964367075000155, 1551, 714303,                                             276457, 10.318974494934082, 261.5204162597656
667, -63.90824684500694, 1, 8.935617798999374, 277, 714580,                                             276734, 10.689661979675293, 261.2408142089844
668, -3357.134754180908, 4, 50.16935703499985, 1562, 716142,                                             278296, 10.362412452697754, 260.6007385253906
669, -2264.402040272951, 4, 49.97154378200048, 1561, 717703,                                             279857, 10.356027603149414, 260.6547546386719
670, -2690.186949327588, 4, 49.372793252999145, 1526, 719229,                                             281383, 10.381080627441406, 260.1150207519531
671, -3473.161463111639, 4, 49.56010186700041, 1547, 720776,                                             282930, 10.332493782043457, 259.6755065917969
672, -3241.294636130333, 4, 49.376413813999534, 1533, 722309,                                             284463, 10.265832901000977, 259.1617736816406
673, -2977.594564050436, 4, 49.36563940299948, 1531, 723840,                                             285994, 10.168597221374512, 259.4384460449219
674, -1932.1732210069895, 4, 50.373717091999424, 1559, 725399,                                             287553, 10.338085174560547, 259.1151123046875
675, -1648.910701006651, 4, 49.42480810500001, 1522, 726921,                                             289075, 10.249886512756348, 258.6185607910156
676, -2087.93488971889, 1, 49.53289949700047, 1530, 728451,                                             290605, 10.137945175170898, 257.8601989746094
677, -2571.579376399517, 2, 17.141179866999664, 519, 728970,                                             291124, 10.223555564880371, 258.1222229003906
678, -1906.4782692790031, 4, 49.76922007699977, 1542, 730512,                                             292666, 10.112812995910645, 258.3050537109375
679, -1719.856218546629, 4, 49.34272392499952, 1520, 732032,                                             294186, 10.062796592712402, 257.7698974609375
680, -127.03036573529243, 1, 13.542305427999963, 413, 732445,                                             294599, 9.978997230529785, 257.2209777832031
681, -3096.105531334877, 2, 49.3733056989995, 1530, 733975,                                             296129, 10.094488143920898, 257.5308837890625
682, -2878.300895601511, 2, 42.187782152999716, 1290, 735265,                                             297419, 10.113213539123535, 257.20989990234375
683, -1914.0409743338823, 4, 48.99259396599973, 1511, 736776,                                             298930, 10.09238338470459, 257.038330078125
684, -2058.2319631278515, 4, 49.34450556699994, 1515, 738291,                                             300445, 10.033926010131836, 256.78997802734375
685, -1532.7985294163227, 2, 33.145859441999164, 1019, 739310,                                             301464, 9.953086853027344, 255.99493408203125
686, -2175.3252258598804, 4, 49.17753126200023, 1507, 740817,                                             302971, 10.048273086547852, 256.4144287109375
687, -2350.8001797795296, 4, 50.18275090399948, 1542, 742359,                                             304513, 10.060124397277832, 255.8560333251953
688, -1992.2271725535393, 4, 48.957047732999854, 1510, 743869,                                             306023, 10.059189796447754, 255.93824768066406
689, -2269.2284836173058, 4, 49.59746819100019, 1532, 745401,                                             307555, 9.953095436096191, 255.9062042236328
690, -1258.669389307499, 4, 49.163586745999964, 1514, 746915,                                             309069, 9.93204116821289, 255.3092803955078
691, -1763.8974000811577, 4, 49.78186714599997, 1532, 748447,                                             310601, 9.928129196166992, 254.3411407470703
692, -405.0805743932724, 1, 20.93210722799995, 647, 749094,                                             311248, 9.971739768981934, 254.0361785888672
693, -4119.857347249985, 4, 49.76469220599938, 1522, 750616,                                             312770, 9.859810829162598, 253.97799682617188
694, -2562.2165071368217, 4, 49.98689328600085, 1544, 752160,                                             314314, 9.959896087646484, 253.52540588378906
695, -2003.0045966655016, 4, 49.166638564000095, 1511, 753671,                                             315825, 10.009446144104004, 253.58750915527344
696, -2079.586736038327, 4, 49.38547112000015, 1522, 755193,                                             317347, 9.87094497680664, 252.4518585205078
697, -144.87246164679527, 1, 14.114719447001335, 433, 755626,                                             317780, 9.904743194580078, 252.2620391845703
698, -4879.603851497173, 4, 50.56767696799943, 1532, 757158,                                             319312, 9.891098976135254, 252.19508361816406
699, -1153.1359771192074, 4, 49.16992864399981, 1508, 758666,                                             320820, 10.026640892028809, 253.24166870117188
700, -3450.3732978105545, 4, 49.598764595999455, 1516, 760182,                                             322336, 9.87798023223877, 252.294921875
701, -1679.8753179609776, 4, 49.01582040199901, 1505, 761687,                                             323841, 9.8483247756958, 252.26502990722656
702, -3595.27307677269, 4, 49.14592794300006, 1506, 763193,                                             325347, 9.846994400024414, 251.81289672851562
703, -2991.790297448635, 4, 49.19704530499985, 1510, 764703,                                             326857, 9.913599967956543, 251.69940185546875
704, -104.82743808627129, 1, 12.302121985001577, 374, 765077,                                             327231, 9.886537551879883, 251.13711547851562
705, -4061.5763524770737, 4, 49.77227405699887, 1519, 766596,                                             328750, 9.896113395690918, 251.34677124023438
706, -1177.0533854663372, 1, 48.174096045000624, 1471, 768067,                                             330221, 9.986583709716797, 251.30111694335938
707, -441.09495827555656, 1, 25.36651601000085, 775, 768842,                                             330996, 9.91139030456543, 251.17169189453125
708, -2210.193458378315, 4, 49.135061766000945, 1513, 770355,                                             332509, 9.892777442932129, 251.00711059570312
709, -1933.5114150047302, 4, 49.37062243899891, 1517, 771872,                                             334026, 9.911864280700684, 250.63763427734375
710, -1598.0597181618214, 1, 31.94911110600151, 977, 772849,                                             335003, 9.938949584960938, 250.01026916503906
711, -3549.8667992055416, 4, 49.775781960999666, 1520, 774369,                                             336523, 9.9788236618042, 250.3760223388672
712, -3351.7277859449387, 4, 49.968815879999966, 1530, 775899,                                             338053, 9.885318756103516, 250.000244140625
713, -69.30261486768723, 1, 10.524569944998802, 312, 776211,                                             338365, 9.845195770263672, 249.83297729492188
714, -3926.7850204110146, 4, 49.138219180000306, 1495, 777706,                                             339860, 9.770807266235352, 249.8425750732422
715, -4066.4948806762695, 4, 50.19445181099945, 1531, 779237,                                             341391, 9.821196556091309, 249.16380310058594
716, -1304.2755251452327, 4, 48.96697680000034, 1493, 780730,                                             342884, 9.819621086120605, 249.34475708007812
717, -2678.6632589548826, 4, 49.38814375200127, 1513, 782243,                                             344397, 9.957818031311035, 248.73516845703125
718, -2111.915905252099, 4, 49.36648437900112, 1474, 783717,                                             345871, 9.872815132141113, 248.3344268798828
719, 8.797528445720673, 1, 6.131004362001477, 176, 783893,                                             346047, 9.882657051086426, 249.10804748535156
720, -2143.9560555815697, 4, 49.938179555001625, 1474, 785367,                                             347521, 9.803230285644531, 248.95321655273438
721, -1992.8468739762902, 4, 50.4090298379997, 1483, 786850,                                             349004, 9.934633255004883, 248.4855194091797
722, -1696.0291329622269, 4, 49.549495639999805, 1459, 788309,                                             350463, 9.92711067199707, 248.3332061767578
723, 8.98293699324131, 1, 6.931139178001104, 188, 788497,                                             350651, 9.674104690551758, 248.1092071533203
724, -2035.914755165577, 4, 50.340439059000346, 1489, 789986,                                             352140, 9.824773788452148, 247.690673828125
725, 59.880167573690414, 1, 2.7094132540005376, 72, 790058,                                             352212, 9.587672233581543, 248.68942260742188
726, -2070.6278387606144, 4, 49.96032419099902, 1486, 791544,                                             353698, 9.830216407775879, 248.02456665039062
727, -152.50884690880775, 1, 13.911263470001359, 398, 791942,                                             354096, 9.618419647216797, 247.1829833984375
728, -4929.423393845558, 4, 49.97658232899994, 1505, 793447,                                             355601, 9.835063934326172, 247.3850555419922
729, -3571.558265864849, 4, 49.98136699099996, 1495, 794942,                                             357096, 9.749444961547852, 247.35458374023438
730, -2989.7798494547606, 4, 49.378388477000044, 1448, 796390,                                             358544, 9.795051574707031, 246.7695770263672
731, -1989.5821038037539, 4, 49.552631249000115, 1449, 797839,                                             359993, 9.754597663879395, 247.25125122070312
732, -1747.7614304721355, 4, 49.578584430000774, 1290, 799129,                                             361283, 9.742094039916992, 246.53672790527344
733, -1045.4838328063488, 4, 49.580042606999996, 1247, 800376,                                             362530, 9.91860580444336, 246.38800048828125
734, -2164.5098105967045, 4, 49.335545335999996, 1253, 801629,                                             363783, 9.884861946105957, 246.16726684570312
735, -124.6526288986206, 1, 16.957837615000244, 417, 802046,                                             364200, 9.80318546295166, 246.09251403808594
736, -4246.774249315262, 4, 49.949423936999665, 1218, 803264,                                             365418, 9.909412384033203, 246.42813110351562
737, -1421.9357713609934, 4, 49.57260857000074, 1306, 804570,                                             366724, 9.804668426513672, 246.30419921875
738, 72.25777146220207, 1, 2.5227682789991377, 61, 804631,                                             366785, 9.477548599243164, 245.13816833496094
739, -2159.17094796896, 4, 50.15044583999952, 1173, 805804,                                             367958, 9.798818588256836, 245.84353637695312
740, -2000.1328895241022, 4, 50.2246823280002, 1258, 807062,                                             369216, 9.731050491333008, 245.7399444580078
741, 59.82242640852928, 1, 2.809374434998972, 76, 807138,                                             369292, 9.647313117980957, 247.8065643310547
742, -1349.11693790555, 4, 49.97240221500033, 1197, 808335,                                             370489, 9.85795783996582, 245.75088500976562
743, -1808.9264863878489, 4, 49.34734435700011, 1209, 809544,                                             371698, 9.783474922180176, 245.17666625976562
744, 33.26239728927612, 1, 4.9360359180009254, 128, 809672,                                             371826, 9.56583023071289, 245.89454650878906
745, -1169.154212743044, 4, 49.95790582600057, 1120, 810792,                                             372946, 9.73524284362793, 245.3675994873047
746, -3451.587036639452, 4, 49.96591390299909, 1243, 812035,                                             374189, 9.903510093688965, 244.5109405517578
747, -108.06925892829895, 1, 11.553386772999147, 303, 812338,                                             374492, 9.624672889709473, 243.84999084472656
748, -1096.843031540513, 4, 49.135598630999084, 1160, 813498,                                             375652, 9.882286071777344, 245.03135681152344
749, -1648.3948956429958, 4, 49.55193764099931, 1259, 814757,                                             376911, 9.831680297851562, 245.2822723388672
750, -2890.007027372718, 4, 50.36191908000001, 1351, 816108,                                             378262, 9.81124210357666, 244.832763671875
751, -3094.2420794963837, 4, 50.32535076699969, 1339, 817447,                                             379601, 9.902074813842773, 245.158203125
752, -2677.1840034127235, 4, 50.22609006300081, 1106, 818553,                                             380707, 9.784817695617676, 245.1158447265625
753, -7.961763367056847, 1, 10.479282551999859, 186, 818739,                                             380893, 9.60460090637207, 244.47772216796875
754, -2019.774932935834, 4, 50.193924536999475, 1299, 820038,                                             382192, 9.77362060546875, 245.0099639892578
755, -1708.9773846566677, 4, 49.943483928000205, 1296, 821334,                                             383488, 9.747111320495605, 244.80413818359375
756, -1196.764209151268, 4, 49.40692666399991, 1309, 822643,                                             384797, 9.763362884521484, 244.3053436279297
757, -1932.9227134734392, 4, 49.34140243100046, 984, 823627,                                             385781, 9.720029830932617, 244.040771484375
758, -291.8878721296787, 1, 26.937276147000375, 514, 824141,                                             386295, 9.729229927062988, 243.56594848632812
759, -1607.6047505140305, 2, 32.92039735900107, 594, 824735,                                             386889, 9.725898742675781, 243.61602783203125
760, -1527.3724518418312, 4, 50.19187688900092, 929, 825664,                                             387818, 9.694036483764648, 244.3909149169922
761, -1185.1642991304398, 4, 49.24942757400095, 887, 826551,                                             388705, 9.726346969604492, 243.67245483398438
762, -1297.0704275369644, 1, 40.00581522500033, 959, 827510,                                             389664, 9.73018741607666, 243.7445068359375
763, -1887.510010868311, 4, 49.725883597000575, 1249, 828759,                                             390913, 9.67673397064209, 243.80162048339844
764, 19.614439457654953, 1, 6.11524289999943, 151, 828910,                                             391064, 9.703027725219727, 244.80059814453125
765, -3785.7119570970535, 2, 48.75982656399901, 1126, 830036,                                             392190, 9.710856437683105, 243.14614868164062
766, -206.15899407863617, 1, 20.078296300000147, 477, 830513,                                             392667, 9.866869926452637, 244.50164794921875
767, -2322.7490717470646, 4, 49.17138670199893, 1128, 831641,                                             393795, 9.856711387634277, 244.0563507080078
768, -215.29592031240463, 1, 25.37970541100003, 568, 832209,                                             394363, 9.740758895874023, 243.046875
769, -4672.460021406412, 4, 49.524961359999, 1240, 833449,                                             395603, 9.746552467346191, 243.22711181640625
770, -1463.089075267315, 4, 50.16730562699922, 1302, 834751,                                             396905, 9.869203567504883, 243.38267517089844
771, -1319.421336531639, 4, 49.517680708000626, 1356, 836107,                                             398261, 9.67250919342041, 243.4745635986328
772, -3389.74045394361, 1, 49.37877815700085, 1383, 837490,                                             399644, 9.832653999328613, 243.8361358642578
773, -1949.7809299826622, 4, 50.38089235500047, 1419, 838909,                                             401063, 9.829300880432129, 243.88890075683594
774, -2017.9802712500095, 4, 49.15679300000011, 1359, 840268,                                             402422, 9.831398963928223, 244.1905975341797
775, -273.03401404619217, 1, 25.34209446999921, 702, 840970,                                             403124, 9.79194164276123, 244.10752868652344
776, -4565.977105289698, 4, 49.21070309099923, 1384, 842354,                                             404508, 9.73200511932373, 243.99365234375
777, -3516.7926172316074, 4, 49.31139301599978, 1380, 843734,                                             405888, 9.761725425720215, 244.257568359375
778, -3329.3333545923233, 4, 50.22842611899978, 1413, 845147,                                             407301, 9.775588035583496, 244.1803741455078
779, -1854.837334573269, 4, 49.15017547100069, 1372, 846519,                                             408673, 9.789941787719727, 243.99098205566406
780, -2531.1748975664377, 4, 49.385995489999914, 1385, 847904,                                             410058, 9.749420166015625, 244.0841827392578
781, -3860.534047663212, 4, 50.126088675000574, 1404, 849308,                                             411462, 9.838356971740723, 243.9926300048828
782, -2120.4799461960793, 4, 49.581855393000296, 1372, 850680,                                             412834, 9.74010181427002, 243.93936157226562
783, -1755.7145561724901, 1, 39.75234734900005, 1108, 851788,                                             413942, 9.768097877502441, 244.09165954589844
784, -1481.9185018539429, 4, 49.97258698099904, 1394, 853182,                                             415336, 9.873963356018066, 244.09304809570312
785, -46.94006158411503, 1, 10.511382950999177, 288, 853470,                                             415624, 9.823317527770996, 243.18112182617188
786, -1333.2094793915749, 4, 50.37100074599948, 1404, 854874,                                             417028, 9.846435546875, 243.21536254882812
787, -2306.1579062491655, 4, 50.173577487999864, 1393, 856267,                                             418421, 9.657663345336914, 243.02525329589844
788, -1343.2045414745808, 4, 49.37962084600076, 1349, 857616,                                             419770, 9.71575927734375, 243.00982666015625
789, -1833.4191354215145, 4, 49.34919260300012, 1363, 858979,                                             421133, 9.73047924041748, 242.96751403808594
790, -1435.3002825379372, 4, 49.40867856700061, 1371, 860350,                                             422504, 9.756637573242188, 242.73301696777344
791, -2127.260569766164, 4, 50.269134741000016, 1381, 861731,                                             423885, 9.78666877746582, 241.90101623535156
792, -1916.4754532277584, 4, 49.16027561199917, 1358, 863089,                                             425243, 9.73708438873291, 242.14251708984375
793, -2626.8527253866196, 4, 49.577699444000245, 1353, 864442,                                             426596, 9.81688404083252, 241.97064208984375
794, -1227.1525471508503, 4, 49.16393563600104, 1356, 865798,                                             427952, 9.685687065124512, 241.50025939941406
795, -1859.8636036217213, 4, 49.57784216300024, 1363, 867161,                                             429315, 9.65820598602295, 241.0707550048828
796, -1817.6202231049538, 4, 49.16755692900006, 1344, 868505,                                             430659, 9.724933624267578, 241.1262969970703
797, -1647.1859780400991, 4, 49.5874183399992, 1349, 869854,                                             432008, 9.636736869812012, 240.56675720214844
798, -3183.1622522622347, 4, 48.75457142599953, 1329, 871183,                                             433337, 9.644389152526855, 240.38685607910156
799, -1841.5655064284801, 4, 49.38376125200011, 1349, 872532,                                             434686, 9.625968933105469, 240.2407989501953
800, -487.0823856294155, 1, 31.563573868001185, 851, 873383,                                             435537, 9.51688289642334, 240.6338653564453
801, -601.6750186234713, 1, 40.18928561600114, 1084, 874467,                                             436621, 9.558813095092773, 240.38494873046875
802, -1229.2872648239136, 4, 50.17330765299994, 1369, 875836,                                             437990, 9.502717971801758, 239.01979064941406
803, -1903.3618478178978, 4, 50.18385888699959, 1362, 877198,                                             439352, 9.51473617553711, 238.88064575195312
804, -2202.7759635150433, 4, 49.153641724999034, 1332, 878530,                                             440684, 9.498368263244629, 238.8013153076172
805, -1323.6224810034037, 4, 49.5819745459994, 1343, 879873,                                             442027, 9.5405855178833, 238.12110900878906
806, -255.1626797169447, 1, 23.126877941998828, 625, 880498,                                             442652, 9.55115032196045, 238.205322265625
807, -335.9159814119339, 1, 28.719074004000504, 782, 881280,                                             443434, 9.549156188964844, 238.10093688964844
808, -1370.303481683135, 4, 49.994774626000435, 1385, 882665,                                             444819, 9.474913597106934, 237.6464080810547
809, -4048.0237059891224, 4, 49.55728637700122, 1379, 884044,                                             446198, 9.420965194702148, 238.1051788330078
810, -1953.7498407065868, 4, 49.78077206799935, 1380, 885424,                                             447578, 9.474717140197754, 238.05984497070312
811, -363.8173805177212, 1, 24.878535806999935, 688, 886112,                                             448266, 9.575484275817871, 238.0221405029297
812, -4779.208217442036, 4, 49.36032352899929, 1358, 887470,                                             449624, 9.534645080566406, 237.9250030517578
813, -2622.7467553317547, 4, 49.58347900700028, 1367, 888837,                                             450991, 9.615981101989746, 237.90419006347656
814, -2594.41591976583, 4, 49.36149800899875, 1359, 890196,                                             452350, 9.65134334564209, 237.73663330078125
815, -3187.8664636164904, 4, 49.98666889299966, 1364, 891560,                                             453714, 9.521672248840332, 237.88600158691406
816, -1871.6135190725327, 4, 48.95628097000008, 1335, 892895,                                             455049, 9.675210952758789, 238.13693237304688
817, -1389.5730256736279, 4, 49.36891759399987, 1341, 894236,                                             456390, 9.426725387573242, 237.3452606201172
818, -806.4606434851885, 1, 19.34484410799996, 520, 894756,                                             456910, 9.472827911376953, 237.1221160888672
819, -1423.207058802247, 1, 44.126879495999674, 1196, 895952,                                             458106, 9.646772384643555, 237.81121826171875
820, -3363.61161082983, 4, 49.388567834999776, 1353, 897305,                                             459459, 9.469682693481445, 237.51644897460938
821, -1305.5416705608368, 4, 49.09516505099964, 1336, 898641,                                             460795, 9.584457397460938, 237.24468994140625
822, -3102.9513690322638, 4, 49.59602294800061, 1349, 899990,                                             462144, 9.508334159851074, 236.97189331054688
823, -895.9110932201147, 1, 45.74521097199977, 1248, 901238,                                             463392, 9.497671127319336, 237.12351989746094
824, -1036.1672700047493, 4, 50.40618711499883, 1369, 902607,                                             464761, 9.559588432312012, 236.9435272216797
825, -1830.4614905267954, 4, 49.16267449100087, 1336, 903943,                                             466097, 9.593931198120117, 236.78677368164062
826, -1565.6813754588366, 4, 49.591867600000114, 1350, 905293,                                             467447, 9.635245323181152, 236.2530517578125
827, -1471.3628783524036, 1, 34.33004298200103, 932, 906225,                                             468379, 9.628093719482422, 236.83999633789062
828, -3347.666740655899, 4, 49.17247619999944, 1326, 907551,                                             469705, 9.395709991455078, 235.70025634765625
829, -1311.417361855507, 4, 49.35064425100063, 1335, 908886,                                             471040, 9.459495544433594, 236.49777221679688
830, -4227.313097625971, 4, 49.98928060099934, 1365, 910251,                                             472405, 9.437091827392578, 236.00389099121094
831, -6.235858380794525, 1, 7.8635025229996245, 209, 910460,                                             472614, 9.391416549682617, 235.50421142578125
832, -2004.564147144556, 4, 49.95983173700006, 1339, 911799,                                             473953, 9.462262153625488, 236.26785278320312
833, -3234.7537956237793, 4, 49.756794257000365, 1357, 913156,                                             475310, 9.48855972290039, 236.3353271484375
834, -265.6878850162029, 1, 23.37541220499952, 632, 913788,                                             475942, 9.462115287780762, 235.87152099609375
835, -3051.978293657303, 4, 49.57663740600037, 1335, 915123,                                             477277, 9.455588340759277, 235.66116333007812
836, -2925.9057659208775, 4, 49.758734970999285, 1315, 916438,                                             478592, 9.536930084228516, 235.72059631347656
837, -2454.049176067114, 4, 48.75445294800011, 1266, 917704,                                             479858, 9.53864860534668, 235.5984649658203
838, -1772.5060980021954, 4, 49.78139976199964, 1332, 919036,                                             481190, 9.611783027648926, 235.24671936035156
839, -1280.8223417848349, 4, 50.36926772199877, 1347, 920383,                                             482537, 9.535018920898438, 235.31784057617188
840, -2129.818307250738, 4, 49.17405548900024, 1315, 921698,                                             483852, 9.517617225646973, 234.67640686035156
841, -2922.243620619178, 4, 49.310487413999, 1312, 923010,                                             485164, 9.621808052062988, 235.29908752441406
842, 82.474465072155, 1, 1.9063595370007533, 41, 923051,                                             485205, 9.962034225463867, 238.4279022216797
843, -4041.7532031536102, 4, 49.5492957309998, 1310, 924361,                                             486515, 9.49255657196045, 234.56361389160156
844, -2109.606514751911, 4, 49.58987076199992, 1311, 925672,                                             487826, 9.462383270263672, 235.45187377929688
845, -2701.549337595701, 4, 49.77425334599866, 1318, 926990,                                             489144, 9.503213882446289, 235.73561096191406
846, -104.93652521073818, 1, 12.345015565999347, 324, 927314,                                             489468, 9.675607681274414, 235.56959533691406
847, -1545.6149020940065, 4, 49.5331249489991, 1301, 928615,                                             490769, 9.59449291229248, 235.2623291015625
848, -1970.3348736166954, 4, 50.18247988400071, 1327, 929942,                                             492096, 9.522865295410156, 235.2969970703125
849, -2217.893544226885, 4, 50.5745340450012, 1329, 931271,                                             493425, 9.66028118133545, 235.50094604492188
850, -1369.0582424104214, 1, 33.560244874999626, 882, 932153,                                             494307, 9.579141616821289, 235.52499389648438
851, -2452.2300582528114, 4, 49.675955631999386, 1308, 933461,                                             495615, 9.518487930297852, 235.78994750976562
852, -2705.5432436168194, 4, 49.582020189000104, 1304, 934765,                                             496919, 9.65527057647705, 235.7032012939453
853, 69.07833851873875, 1, 2.7222961860006762, 69, 934834,                                             496988, 9.360976219177246, 235.05039978027344
854, -2373.164425879717, 4, 50.133244495000326, 1312, 936146,                                             498300, 9.603580474853516, 235.3729248046875
855, -2055.9855385422707, 4, 49.5937883280003, 1304, 937450,                                             499604, 9.582497596740723, 235.6504669189453
856, -2973.5107139348984, 4, 49.96848096699978, 1313, 938763,                                             500917, 9.553937911987305, 235.1175994873047
857, -2875.453263491392, 4, 48.96396826400087, 1278, 940041,                                             502195, 9.584269523620605, 235.8475341796875
858, -3111.702513307333, 4, 49.58365191499979, 1297, 941338,                                             503492, 9.571799278259277, 236.07948303222656
859, 51.562624990940094, 1, 4.32498293199933, 110, 941448,                                             503602, 9.535577774047852, 236.8912353515625
860, -2839.3159024715424, 4, 50.14057758799936, 1300, 942748,                                             504902, 9.572688102722168, 236.00479125976562
861, -278.30212015658617, 1, 23.907853083999726, 623, 943371,                                             505525, 9.472234725952148, 235.07717895507812
862, -2902.308767169714, 4, 49.76001767299931, 1275, 944646,                                             506800, 9.544750213623047, 236.1768341064453
863, -3011.2489262223244, 4, 50.17887143400003, 1298, 945944,                                             508098, 9.689388275146484, 236.03121948242188
864, -1837.9873071610928, 4, 49.205752591999044, 1281, 947225,                                             509379, 9.596746444702148, 235.63731384277344
865, -2249.877839446068, 4, 49.52646069699949, 1278, 948503,                                             510657, 9.581029891967773, 235.62269592285156
866, 33.865052223205566, 1, 6.12959384900023, 157, 948660,                                             510814, 9.770066261291504, 236.06625366210938
867, -1425.7622361779213, 4, 49.74430682300044, 1277, 949937,                                             512091, 9.557615280151367, 235.85708618164062
868, 0.2776109427213669, 1, 9.33378077999987, 238, 950175,                                             512329, 9.598280906677246, 235.90798950195312
869, -2574.58342307806, 4, 50.15834991600059, 1291, 951466,                                             513620, 9.558876037597656, 236.14744567871094
870, -1333.1917874962091, 4, 50.201077137999164, 1293, 952759,                                             514913, 9.529712677001953, 236.07530212402344
871, -741.1505850851536, 1, 38.06767038099861, 983, 953742,                                             515896, 9.538653373718262, 235.68292236328125
872, -3825.7220823168755, 2, 29.128475792000245, 742, 954484,                                             516638, 9.71423053741455, 235.75048828125
873, -6.69987627863884, 1, 5.929262919999019, 150, 954634,                                             516788, 9.888051986694336, 235.04896545410156
874, -1682.5443887263536, 4, 50.14352040800077, 1279, 955913,                                             518067, 9.613886833190918, 235.99813842773438
875, -1560.4955090135336, 4, 49.96912700299981, 1277, 957190,                                             519344, 9.625082969665527, 235.50607299804688
876, -1281.3456305116415, 4, 49.59561232200031, 1255, 958445,                                             520599, 9.604350090026855, 236.0588836669922
877, -2212.367166519165, 4, 48.95508986800087, 1247, 959692,                                             521846, 9.638458251953125, 235.83074951171875
878, -1946.7886447012424, 4, 50.00375125199935, 1267, 960959,                                             523113, 9.536855697631836, 235.60643005371094
879, -571.3215868622065, 1, 30.748795894000068, 773, 961732,                                             523886, 9.617764472961426, 235.74488830566406
880, -2565.6132470071316, 2, 25.107890049999696, 632, 962364,                                             524518, 9.599228858947754, 236.19053649902344
881, -33.543214082717896, 1, 10.469083668000167, 261, 962625,                                             524779, 9.630982398986816, 236.61590576171875
882, -2585.9787126481533, 4, 50.130620445001114, 1261, 963886,                                             526040, 9.547496795654297, 235.8999481201172
883, -2076.7825015485287, 4, 50.37281592399995, 1271, 965157,                                             527311, 9.617596626281738, 236.3983612060547
884, 28.320597678422928, 1, 5.141290499001116, 126, 965283,                                             527437, 9.22097110748291, 235.6576690673828
885, -2120.5119811296463, 4, 50.36963930300044, 1277, 966560,                                             528714, 9.617417335510254, 235.37156677246094
886, -2131.860635340214, 4, 50.17778038600045, 1247, 967807,                                             529961, 9.638989448547363, 235.91371154785156
887, -1514.8670226633549, 4, 49.18567758100107, 1250, 969057,                                             531211, 9.551411628723145, 235.75869750976562
888, 45.49324953556061, 1, 4.086041251997813, 100, 969157,                                             531311, 9.315014839172363, 235.71917724609375
889, -3395.883886039257, 4, 49.57910558000003, 1255, 970412,                                             532566, 9.525818824768066, 235.65963745117188
890, -1012.1950202807784, 4, 49.98405542299952, 1257, 971669,                                             533823, 9.544316291809082, 235.79061889648438
891, -508.0974023640156, 1, 20.07445873100005, 510, 972179,                                             534333, 9.502400398254395, 235.35400390625
892, -2370.4068835377693, 4, 49.549454314001196, 1254, 973433,                                             535587, 9.607186317443848, 235.21961975097656
893, -350.44461469352245, 1, 21.342892746997677, 537, 973970,                                             536124, 9.645429611206055, 235.46554565429688
894, -1763.3045723736286, 4, 50.55730323800162, 1274, 975244,                                             537398, 9.45677661895752, 235.36825561523438
895, -2540.1892467066646, 4, 49.96503176199985, 1250, 976494,                                             538648, 9.558090209960938, 235.6729736328125
896, -3423.2024743556976, 4, 49.21036291400014, 1226, 977720,                                             539874, 9.587916374206543, 236.00851440429688
897, 60.38077908754349, 1, 3.0967703930000425, 69, 977789,                                             539943, 9.846675872802734, 236.66714477539062
898, -2443.451658129692, 4, 49.76526540199848, 1240, 979029,                                             541183, 9.634446144104004, 236.3516845703125
899, 34.67391583323479, 1, 4.925449254998966, 121, 979150,                                             541304, 9.579263687133789, 237.29556274414062
900, -2874.085105255246, 4, 49.927433728000324, 1237, 980387,                                             542541, 9.612970352172852, 235.87384033203125
901, -1925.5843776762486, 4, 49.828590468001494, 1231, 981618,                                             543772, 9.590445518493652, 235.8365478515625
902, -1626.3827802538872, 4, 50.152346210998076, 1246, 982864,                                             545018, 9.614553451538086, 236.113037109375
903, -310.3451492488384, 1, 24.927463340998656, 618, 983482,                                             545636, 9.522171020507812, 236.44166564941406
904, -3423.900649011135, 4, 49.986850671000866, 1239, 984721,                                             546875, 9.58357048034668, 236.21595764160156
905, -2076.591469243169, 4, 49.36475111999971, 1219, 985940,                                             548094, 9.563749313354492, 235.72425842285156
906, -1756.4919584542513, 4, 49.787617876001605, 1235, 987175,                                             549329, 9.555328369140625, 235.8839874267578
907, -1467.6862990558147, 1, 33.51230643400049, 817, 987992,                                             550146, 9.497852325439453, 235.29115295410156
908, -3708.91329985857, 4, 49.59429502000057, 1225, 989217,                                             551371, 9.57540512084961, 235.52745056152344
909, 56.97815002501011, 1, 4.3225737850007135, 106, 989323,                                             551477, 9.343793869018555, 234.92935180664062
910, -1175.2680851519108, 4, 49.53604732099848, 1219, 990542,                                             552696, 9.544620513916016, 236.04161071777344
911, -2884.641138225794, 4, 50.10243558699949, 1234, 991776,                                             553930, 9.504127502441406, 235.5550994873047
912, -1775.726371228695, 4, 50.14464497600056, 1230, 993006,                                             555160, 9.565423011779785, 235.50022888183594
913, -1683.0029287934303, 4, 49.96563947699906, 1217, 994223,                                             556377, 9.540752410888672, 235.6174774169922
914, -2145.188357591629, 4, 50.58039540699974, 1228, 995451,                                             557605, 9.557011604309082, 235.4881134033203
915, -332.19787476956844, 1, 16.52949050800089, 401, 995852,                                             558006, 9.424827575683594, 235.53436279296875
916, -3139.225086092949, 4, 49.98476817399933, 1223, 997075,                                             559229, 9.612848281860352, 235.91432189941406
917, -1681.5583600848913, 4, 50.18060073399829, 1221, 998296,                                             560450, 9.601424217224121, 236.17794799804688
918, -1733.639591023326, 4, 49.587637063999864, 1207, 999503,                                             561657, 9.532984733581543, 235.53099060058594
919, -1414.34469217062, 4, 48.76228286699916, 1124, 1000627,                                             562781, 9.437026977539062, 235.3501434326172
920, -438.5424129217863, 1, 35.75659958500182, 843, 1001470,                                             563624, 9.436515808105469, 235.0546112060547
921, -2138.4804457575083, 4, 49.45812161300273, 1181, 1002651,                                             564805, 9.547572135925293, 235.744873046875
922, -1065.1554511934519, 1, 41.18040195800131, 959, 1003610,                                             565764, 9.511938095092773, 235.6129913330078
923, -2985.393064379692, 4, 49.56880704199648, 1163, 1004773,                                             566927, 9.476804733276367, 235.40187072753906
924, -621.0728818923235, 1, 34.53425217799668, 791, 1005564,                                             567718, 9.400703430175781, 235.35205078125
925, -3026.7916339039803, 4, 50.351204348000465, 1192, 1006756,                                             568910, 9.426952362060547, 235.00442504882812
926, -1436.2559900283813, 4, 49.985316256999795, 1176, 1007932,                                             570086, 9.467108726501465, 234.9104766845703
927, -2665.128502547741, 4, 49.36927956300133, 1174, 1009106,                                             571260, 9.479654312133789, 234.8203582763672
928, -97.49099247157574, 1, 16.723622500998317, 400, 1009506,                                             571660, 9.543134689331055, 234.14390563964844
929, -3073.39905372262, 4, 49.78469469400079, 1180, 1010686,                                             572840, 9.602477073669434, 234.93667602539062
930, 9.689781874418259, 1, 9.32039764199726, 219, 1010905,                                             573059, 9.574152946472168, 235.36781311035156
931, -257.6330954134464, 1, 23.0743520420001, 546, 1011451,                                             573605, 9.369484901428223, 234.87576293945312
932, -3695.125167965889, 4, 49.315995176002616, 1180, 1012631,                                             574785, 9.447575569152832, 235.1890869140625
933, -1942.4414958506823, 4, 49.397742582998035, 1160, 1013791,                                             575945, 9.591184616088867, 234.8094482421875
934, -2155.423496335745, 4, 49.14137399599713, 1148, 1014939,                                             577093, 9.49769115447998, 234.85472106933594
935, 37.38217943161726, 1, 7.731770719998167, 178, 1015117,                                             577271, 9.445494651794434, 234.5358123779297
936, -3294.410957813263, 4, 50.144417586998316, 1165, 1016282,                                             578436, 9.593032836914062, 234.94549560546875
937, -737.6659958362579, 1, 43.179454884000734, 991, 1017273,                                             579427, 9.558366775512695, 235.91986083984375
938, -1858.9864533245564, 4, 50.56875490099992, 1184, 1018457,                                             580611, 9.518380165100098, 234.95555114746094
939, -2653.0224106907845, 4, 49.5604280890002, 1149, 1019606,                                             581760, 9.487401962280273, 235.04063415527344
940, -2104.473979756236, 4, 50.587363149999874, 1155, 1020761,                                             582915, 9.489696502685547, 235.36477661132812
941, -2292.5811023563147, 4, 48.912416678002046, 1141, 1021902,                                             584056, 9.504676818847656, 234.97496032714844
