episode, reward, success, duration, steps, total_steps, memory length, avg_critic_loss, avg_actor_loss
901, -20.36643013358116, 1, 2.4991205550000046, 163, 980550,                                             163, 0.0, 0.0
902, -3654.9671869874, 4, 54.504657158, 3574, 984124,                                             3737, 0.0, 0.0
903, -4485.847049176693, 4, 55.863313431999984, 3681, 987805,                                             7418, 0.0, 0.0
904, -3656.7403725087643, 4, 56.185376762000004, 3721, 991526,                                             11139, 0.0, 0.0
905, -1282.9117050468922, 1, 22.177850296999992, 1443, 992969,                                             12582, 0.0, 0.0
906, -3830.0331188440323, 4, 56.00381933400001, 3684, 996653,                                             16266, 0.0, 0.0
907, -139.76213124394417, 1, 5.525406584999985, 348, 997001,                                             16614, 0.0, 0.0
908, -3384.2185378670692, 4, 56.43345002899997, 3711, 1000712,                                             20325, 0.0, 0.0
909, -4375.324469506741, 4, 53.91136690799999, 3700, 1004412,                                             24025, 0.0, 0.0
910, -3193.139279663563, 4, 52.44660911699998, 3386, 1007798,                                             27411, 0.0, 0.0
911, -3482.4489803016186, 4, 51.186965794999935, 3535, 1011333,                                             30946, 0.0, 0.0
912, -4504.296153470874, 4, 54.36630478200004, 3550, 1014883,                                             34496, 0.0, 0.0
913, -2835.3213873058558, 4, 51.103625104, 3358, 1018241,                                             37854, 0.0, 0.0
914, -4159.57774874568, 4, 55.18497831900004, 3576, 1021817,                                             41430, 0.0, 0.0
915, -3368.4388592094183, 4, 52.766526708000015, 3384, 1025201,                                             44814, 0.0, 0.0
916, -3786.5160837471485, 4, 52.67444392199991, 3437, 1028638,                                             48251, 0.0, 0.0
917, -382.26673367619514, 1, 9.174911185000042, 610, 1029248,                                             48861, 0.0, 0.0
918, -1752.6778847575188, 2, 26.160848709999982, 1410, 1030658,                                             50271, 1.2466084957122803, 44.05179214477539
919, -147.4503118544817, 1, 10.99367557100004, 347, 1031005,                                             50618, 5.3894877433776855, 227.4742889404297
