episode, reward, success, duration, steps, total_steps, memory length, avg_critic_loss, avg_actor_loss
1, -3896.000268161297, 2, 23.715158169000006, 1806, 50190,                                             50190, 0.07430212944746017, 0.01870446279644966
2, -1432.1537341177464, 2, 24.21769276300006, 846, 51036,                                             51036, 0.4452718496322632, 2.583146095275879
3, -2147.1536589860916, 2, 26.92614956400007, 949, 51985,                                             51985, 0.43588241934776306, 7.208862781524658
4, -1835.714468806982, 2, 31.747716946999844, 1120, 53105,                                             53105, 0.4308377504348755, 12.83154296875
5, -2242.5771239995956, 2, 24.917830160999983, 867, 53972,                                             53972, 0.4580742418766022, 18.314756393432617
6, -1550.280317440629, 2, 39.39356984099982, 1367, 55339,                                             55339, 0.47298237681388855, 24.280221939086914
7, -2664.490582585335, 4, 48.954477077999854, 1718, 57057,                                             57057, 0.5314216017723083, 32.250244140625
8, -2338.608019411564, 2, 36.94083823100004, 1262, 58319,                                             58319, 0.631726861000061, 39.58892059326172
9, -2153.4774328768253, 2, 32.566774172999885, 1126, 59445,                                             59445, 0.714976966381073, 45.355716705322266
10, -1842.4187973737717, 2, 28.95585129699998, 978, 60423,                                             60423, 0.8099929690361023, 50.4071159362793
11, -1653.6363860666752, 2, 29.332280929000035, 977, 61400,                                             61400, 0.9162050485610962, 54.82540512084961
12, -1537.795251429081, 2, 27.521087333999958, 920, 62320,                                             62320, 0.9264556169509888, 59.04893493652344
13, -1661.8541925102472, 2, 28.547998957000118, 952, 63272,                                             63272, 1.025843858718872, 63.141841888427734
14, -1975.3599027395248, 2, 26.374504690999856, 877, 64149,                                             64149, 1.0831221342086792, 67.30078887939453
15, -1841.670111760497, 2, 32.92736430299988, 1129, 65278,                                             65278, 1.1836222410202026, 71.4854507446289
16, -1692.6093220710754, 2, 26.952604692000023, 918, 66196,                                             66196, 1.2817004919052124, 75.7845687866211
17, -2182.9040644466877, 2, 33.75435182399997, 1144, 67340,                                             67340, 1.3739200830459595, 79.53092956542969
18, -3113.2548856139183, 4, 49.139748301000054, 1687, 69027,                                             69027, 1.4794238805770874, 85.38326263427734
19, -2126.76174916327, 4, 50.17549304499994, 1726, 70753,                                             70753, 1.6326441764831543, 91.08686065673828
20, -3031.53605774045, 4, 50.40075997600002, 1742, 72495,                                             72495, 1.6499630212783813, 96.6923599243164
21, -3522.711141228676, 4, 48.95644658299989, 1696, 74191,                                             74191, 1.7663172483444214, 102.3727035522461
22, -1694.4088131636381, 1, 46.371418562000144, 1596, 75787,                                             75787, 1.8375253677368164, 107.30303192138672
23, -1870.5321382582188, 4, 49.96817643700024, 1631, 77418,                                             77418, 1.9315775632858276, 111.67765808105469
24, -1350.591952830553, 4, 49.5779720569999, 1687, 79105,                                             79105, 2.113621234893799, 115.51396942138672
25, -2369.8860932588577, 4, 49.97781935000012, 1700, 80805,                                             80805, 2.1308844089508057, 120.08275604248047
26, 59.8023961186409, 1, 2.305387668000094, 71, 80876,                                             80876, 2.205512523651123, 122.16128540039062
27, -1744.4298017472029, 4, 49.36984449900001, 1686, 82562,                                             82562, 2.1573667526245117, 123.90931701660156
28, -2053.116329908371, 4, 49.80856938500028, 1694, 84256,                                             84256, 2.293929100036621, 127.50934600830078
29, -2145.1785728633404, 4, 49.12130364299992, 1606, 85862,                                             85862, 2.309389114379883, 130.71435546875
30, -2021.6424489021301, 4, 49.380798206000236, 1664, 87526,                                             87526, 2.305314779281616, 133.4915771484375
31, -2167.9875953495502, 4, 49.16386788099999, 1639, 89165,                                             89165, 2.4046285152435303, 136.49366760253906
32, -2443.863420665264, 4, 49.38140255799999, 1657, 90822,                                             90822, 2.5129663944244385, 140.15675354003906
33, -1335.1280075609684, 1, 48.36151764599981, 1619, 92441,                                             92441, 2.4824881553649902, 142.75302124023438
34, -1410.8708525002003, 4, 50.78439933400023, 1666, 94107,                                             94107, 2.468327283859253, 144.69876098632812
35, -1738.416621029377, 4, 49.1608496519998, 1632, 95739,                                             95739, 2.605484962463379, 146.95046997070312
36, -179.13344463706017, 1, 17.14324484000008, 555, 96294,                                             96294, 2.62201189994812, 148.32574462890625
37, -1599.2195853590965, 4, 49.55572874600011, 1619, 97913,                                             97913, 2.5500259399414062, 148.98355102539062
38, -2032.4067124724388, 4, 49.361872890000086, 1574, 99487,                                             99487, 2.6645452976226807, 151.4855499267578
39, 55.64819061756134, 1, 3.530604766000124, 93, 99580,                                             99580, 2.7848381996154785, 154.47962951660156
40, -1452.6149310171604, 4, 50.328832251999756, 1421, 101001,                                             101001, 2.6319284439086914, 153.199951171875
41, -1037.8688661456108, 4, 49.83364719199972, 1333, 102334,                                             102334, 2.7452235221862793, 153.9278106689453
42, -1250.2445767372847, 4, 49.57329967499982, 1221, 103555,                                             103555, 2.706594944000244, 155.1807403564453
43, -1392.1484154760838, 4, 49.579190285000095, 1212, 104767,                                             104767, 2.7862513065338135, 156.4468231201172
44, -211.3018520474434, 1, 30.092598865000127, 730, 105497,                                             105497, 2.6972479820251465, 157.18870544433594
45, -273.5444203019142, 1, 30.583180399999947, 746, 106243,                                             106243, 2.633993148803711, 156.71224975585938
46, -894.2252041399479, 4, 50.34351076400026, 1235, 107478,                                             107478, 2.8741323947906494, 157.5615234375
47, -1594.2934743762016, 4, 49.567081429000154, 1220, 108698,                                             108698, 2.7332444190979004, 158.3578338623047
48, -163.66665124893188, 1, 26.731166347, 652, 109350,                                             109350, 2.7710864543914795, 159.14547729492188
49, -1085.0356062203646, 4, 49.78383405600016, 1230, 110580,                                             110580, 2.8673741817474365, 159.6981658935547
50, -1818.7782938927412, 4, 49.36386790100005, 1212, 111792,                                             111792, 2.838937997817993, 160.7423858642578
51, -1380.972156405449, 4, 50.211954142000195, 1237, 113029,                                             113029, 2.916844606399536, 161.2072296142578
52, -1145.8607099056244, 4, 49.397910622999916, 1224, 114253,                                             114253, 2.8468897342681885, 161.8081512451172
53, -1176.816453948617, 4, 49.34305539199977, 1206, 115459,                                             115459, 2.8237054347991943, 162.3396759033203
54, -1347.6008309423923, 4, 50.37019157900022, 1242, 116701,                                             116701, 2.9317002296447754, 163.02342224121094
55, -1571.8131877481937, 4, 49.344032138999864, 1204, 117905,                                             117905, 2.8403289318084717, 163.43997192382812
56, -1419.3639718592167, 4, 50.40164558100014, 1241, 119146,                                             119146, 2.9147257804870605, 163.8212432861328
57, -971.8377566933632, 4, 49.928650041999845, 1228, 120374,                                             120374, 2.8230106830596924, 163.7859344482422
58, -1382.3185991942883, 4, 50.5809353059999, 1246, 121620,                                             121620, 2.8928470611572266, 164.99188232421875
59, -1019.4066407084465, 4, 49.385758979, 1178, 122798,                                             122798, 2.9194371700286865, 164.84397888183594
60, -1204.6125291138887, 4, 49.162861338999846, 1211, 124009,                                             124009, 2.876175880432129, 165.15228271484375
61, -1102.9649506360292, 4, 49.40541304999988, 1216, 125225,                                             125225, 2.862231492996216, 165.33607482910156
62, -1083.5894050896168, 4, 49.34610746899989, 1211, 126436,                                             126436, 2.8939707279205322, 165.57467651367188
63, -1008.9612762480974, 4, 50.390252362999945, 1248, 127684,                                             127684, 3.071676254272461, 166.01126098632812
64, -1122.624654904008, 4, 49.153985191000174, 1201, 128885,                                             128885, 2.9614458084106445, 165.39646911621094
65, -1229.8786476552486, 4, 49.56785755400006, 1219, 130104,                                             130104, 2.8155531883239746, 165.04974365234375
66, -627.9647451043129, 1, 37.55238044500038, 926, 131030,                                             131030, 2.985687255859375, 165.91163635253906
67, -1054.1988661587238, 4, 49.97803108700009, 1230, 132260,                                             132260, 2.9441611766815186, 165.24639892578125
68, -683.7713718116283, 1, 37.563968724000006, 996, 133256,                                             133256, 3.0400850772857666, 165.4499969482422
69, -1208.2317791879177, 4, 49.74631210200005, 1536, 134792,                                             134792, 2.891334295272827, 164.73907470703125
70, -223.2886722534895, 1, 22.143370631000835, 698, 135490,                                             135490, 2.9916303157806396, 164.57803344726562
71, -414.94092684984207, 1, 37.14161546700052, 1024, 136514,                                             136514, 2.9487714767456055, 164.3048095703125
72, -112.67015641927719, 1, 16.9608152790006, 414, 136928,                                             136928, 2.965857982635498, 163.4944305419922
73, -422.77232468128204, 1, 44.92025670900057, 1098, 138026,                                             138026, 2.920194625854492, 163.2851104736328
74, -219.04991218447685, 1, 30.194949480000105, 740, 138766,                                             138766, 3.0044782161712646, 163.2386474609375
75, -420.30652019381523, 1, 45.32962372200018, 1081, 139847,                                             139847, 2.8507158756256104, 163.03558349609375
76, -1300.5279237180948, 4, 49.56139232900023, 1253, 141100,                                             141100, 2.8870060443878174, 162.7038116455078
77, -557.0066689997911, 1, 36.743353367000054, 895, 141995,                                             141995, 2.9030568599700928, 162.69061279296875
78, -1204.0757974684238, 4, 49.79983898699993, 1224, 143219,                                             143219, 2.850464105606079, 162.12881469726562
79, -1096.3797143697739, 4, 49.5482128499998, 1206, 144425,                                             144425, 2.851956605911255, 162.15884399414062
80, -746.7811686694622, 1, 46.751653137000176, 1139, 145564,                                             145564, 3.068796157836914, 161.94021606445312
81, -1002.7195495218039, 4, 49.81312923600035, 1219, 146783,                                             146783, 3.0062994956970215, 162.3164825439453
82, -1159.17640671134, 4, 49.365619889999834, 1197, 147980,                                             147980, 2.99830961227417, 161.65992736816406
83, -1008.9168562591076, 4, 49.572536682000646, 1213, 149193,                                             149193, 2.847353219985962, 160.95904541015625
84, -932.3868551105261, 4, 49.17437122299998, 1191, 150384,                                             150384, 2.867324113845825, 160.9173126220703
85, -1031.454503595829, 4, 49.37799983000059, 1203, 151587,                                             151587, 2.8269832134246826, 160.5278778076172
86, -90.09887389838696, 1, 17.4776513730003, 421, 152008,                                             152008, 2.7611711025238037, 160.5511932373047
87, -702.6901580840349, 4, 50.21411092899962, 1227, 153235,                                             153235, 2.7865195274353027, 160.03514099121094
88, -1077.4884974956512, 4, 49.34135106699978, 1207, 154442,                                             154442, 2.974388837814331, 159.82005310058594
89, -315.2981316745281, 1, 28.52666996700009, 792, 155234,                                             155234, 2.67704176902771, 159.73399353027344
90, -343.8696959018707, 1, 31.534510934000537, 954, 156188,                                             156188, 2.8185038566589355, 160.05538940429688
91, -1316.639884993434, 4, 50.03669708100006, 1553, 157741,                                             157741, 2.8182458877563477, 159.2931671142578
92, -1498.1599285155535, 4, 49.35918112299987, 1523, 159264,                                             159264, 2.8022806644439697, 159.0428466796875
93, 14.121522158384323, 1, 5.537758579000183, 173, 159437,                                             159437, 2.915304660797119, 158.9961700439453
94, -977.4196953773499, 1, 44.34592994000013, 1373, 160810,                                             160810, 2.7964236736297607, 158.39244079589844
95, -897.8347464799881, 4, 49.758903721000024, 1526, 162336,                                             162336, 2.9620180130004883, 158.04568481445312
96, -773.7576348781586, 1, 40.163762856000176, 1229, 163565,                                             163565, 2.912057638168335, 157.94630432128906
97, -1063.71901845932, 4, 49.14949552899998, 1514, 165079,                                             165079, 2.777345657348633, 157.77134704589844
98, -1310.53987506032, 4, 49.599456564999855, 1534, 166613,                                             166613, 2.7875959873199463, 157.0869140625
99, -1721.1438721120358, 4, 49.54536767599984, 1523, 168136,                                             168136, 2.834439992904663, 156.94590759277344
100, -1446.6155819445848, 4, 49.97334383999987, 1539, 169675,                                             169675, 2.7891769409179688, 156.19110107421875
101, -1912.9916339814663, 4, 49.53207242099961, 1510, 171185,                                             171185, 2.9101831912994385, 156.41079711914062
102, -1715.0685079544783, 4, 49.812747033999585, 1541, 172726,                                             172726, 2.8185763359069824, 156.34703063964844
103, -2676.0960213541985, 4, 49.35295040500023, 1535, 174261,                                             174261, 2.9533915519714355, 156.28334045410156
104, -303.8596491590142, 1, 25.938010947999828, 808, 175069,                                             175069, 2.881986618041992, 156.48989868164062
105, -919.003872320056, 4, 49.953877601000386, 1531, 176600,                                             176600, 2.8194310665130615, 156.0406951904297
106, -1690.0212848037481, 4, 49.99567324799955, 1558, 178158,                                             178158, 2.917872190475464, 155.94497680664062
107, -2104.849029928446, 4, 49.34879494500001, 1517, 179675,                                             179675, 2.848102331161499, 155.455078125
108, 86.05280582606792, 1, 1.117468249999547, 30, 179705,                                             179705, 3.208247184753418, 155.56466674804688
109, -2028.385593533516, 2, 39.16203816600046, 1209, 180914,                                             180914, 2.90390944480896, 156.54998779296875
110, -1987.014874085784, 4, 49.55043937099981, 1515, 182429,                                             182429, 2.8519515991210938, 156.99940490722656
111, -2425.4068447053432, 4, 50.05964476400004, 1556, 183985,                                             183985, 3.0464584827423096, 157.65174865722656
112, -552.0360851585865, 1, 32.54528817699975, 1001, 184986,                                             184986, 2.9843337535858154, 156.8960723876953
113, -570.2965560853481, 1, 46.732924615999764, 1426, 186412,                                             186412, 2.986124277114868, 156.507080078125
114, -896.2032326757908, 4, 49.39803055500033, 1513, 187925,                                             187925, 2.9778199195861816, 155.95375061035156
115, -136.77602624893188, 1, 19.100669036, 578, 188503,                                             188503, 3.0042412281036377, 155.79994201660156
116, -589.2107274532318, 1, 39.771621875000164, 1216, 189719,                                             189719, 2.844655990600586, 154.7602996826172
117, -407.8942893445492, 1, 31.328591987000436, 949, 190668,                                             190668, 2.9470973014831543, 154.54058837890625
118, -1051.033302679658, 4, 49.58284646799984, 1516, 192184,                                             192184, 2.843057155609131, 154.3017120361328
119, -3155.376052558422, 4, 49.174147639000694, 1506, 193690,                                             193690, 2.909043550491333, 154.50169372558594
120, -1294.7870209813118, 4, 49.342956364999736, 1486, 195176,                                             195176, 2.981658935546875, 154.3890838623047
121, -1395.622401997447, 4, 50.240201187999446, 1541, 196717,                                             196717, 2.988992214202881, 154.1272430419922
122, -1134.0056001543999, 4, 48.9644933540003, 1223, 197940,                                             197940, 3.0150227546691895, 154.45338439941406
123, -839.5874685794115, 4, 49.203789641000185, 1181, 199121,                                             199121, 3.088569402694702, 154.03733825683594
124, -764.622164696455, 4, 49.923760945999675, 1217, 200338,                                             200338, 2.817548990249634, 152.99253845214844
125, -37.86618506908417, 1, 15.945003147000534, 390, 200728,                                             200728, 2.972175121307373, 153.2605438232422
126, -263.4222229421139, 1, 32.3287205229999, 769, 201497,                                             201497, 2.9660861492156982, 152.65182495117188
127, -302.54739178717136, 1, 32.751763790999576, 790, 202287,                                             202287, 2.911320686340332, 152.57000732421875
128, -683.3553515970707, 4, 50.23001737600043, 1200, 203487,                                             203487, 2.8917076587677, 151.82992553710938
129, -451.0951226949692, 1, 37.90788580699973, 921, 204408,                                             204408, 2.811957597732544, 151.7749786376953
130, -212.8995443880558, 1, 30.15151533700009, 731, 205139,                                             205139, 2.8894150257110596, 151.95404052734375
131, -308.1588319838047, 1, 34.96513110500018, 856, 205995,                                             205995, 2.8668508529663086, 151.08653259277344
132, -707.2105793952942, 4, 50.34487628399984, 1213, 207208,                                             207208, 2.978203773498535, 150.552978515625
133, -455.02570028603077, 1, 36.98787096600063, 893, 208101,                                             208101, 2.8442461490631104, 150.50738525390625
134, -1319.6709270477295, 4, 49.74665841600017, 1269, 209370,                                             209370, 2.869155168533325, 150.14962768554688
135, -963.8486113250256, 4, 50.188083836999795, 1275, 210645,                                             210645, 2.7710459232330322, 149.22743225097656
136, -1154.825482338667, 4, 49.5548296879997, 1411, 212056,                                             212056, 2.8219070434570312, 148.90219116210938
137, -52.5260606110096, 1, 15.741482143999747, 395, 212451,                                             212451, 2.839609146118164, 148.82408142089844
138, -152.3717606663704, 1, 23.09122958900025, 545, 212996,                                             212996, 2.8490495681762695, 148.08917236328125
139, -334.0104420632124, 1, 41.976801534000515, 1011, 214007,                                             214007, 2.777493953704834, 148.18067932128906
140, -132.82449251413345, 1, 26.098373496000022, 567, 214574,                                             214574, 2.7800211906433105, 146.63058471679688
141, -759.6815688163042, 4, 49.71978846999991, 1207, 215781,                                             215781, 2.6818766593933105, 147.12130737304688
142, -1310.0782219171524, 4, 50.00318220899953, 1486, 217267,                                             217267, 2.8706743717193604, 146.58033752441406
143, -521.2540811747313, 1, 32.34605613799977, 968, 218235,                                             218235, 2.8405539989471436, 146.48622131347656
144, -1225.0823038816452, 4, 48.955596157999935, 1481, 219716,                                             219716, 2.724628448486328, 145.8520050048828
145, -1261.5677054226398, 4, 49.54508279299989, 1501, 221217,                                             221217, 2.734621047973633, 145.2821807861328
146, -165.59646853804588, 1, 18.561711458999525, 562, 221779,                                             221779, 2.7379236221313477, 145.2214813232422
147, -489.99312859773636, 1, 41.55236232900006, 1248, 223027,                                             223027, 2.6923153400421143, 144.37391662597656
148, -1090.297713637352, 4, 49.80271136200008, 1506, 224533,                                             224533, 2.6355130672454834, 143.54916381835938
149, -124.22920975089073, 1, 17.878626857999734, 533, 225066,                                             225066, 2.630099058151245, 143.15792846679688
150, -312.6424990147352, 1, 28.38882027300042, 860, 225926,                                             225926, 2.6377341747283936, 143.12408447265625
151, -334.4470739364624, 1, 30.111626027000057, 896, 226822,                                             226822, 2.6497037410736084, 142.4564208984375
152, -662.0907014608383, 1, 46.96682864700051, 1429, 228251,                                             228251, 2.7797787189483643, 142.75294494628906
153, -365.7575952857733, 1, 33.535525583999515, 1010, 229261,                                             229261, 2.7340033054351807, 141.9410858154297
154, -1534.7451856434345, 4, 49.59976892299983, 1489, 230750,                                             230750, 2.7868802547454834, 141.9411163330078
155, -360.67431604862213, 1, 28.00406214100076, 839, 231589,                                             231589, 2.6148464679718018, 141.1298370361328
156, -1846.3293646425009, 4, 49.66324218400041, 1491, 233080,                                             233080, 2.6129794120788574, 140.7927703857422
157, -670.2803635150194, 1, 34.96154560599916, 1050, 234130,                                             234130, 2.583857536315918, 140.11697387695312
158, -550.4463932514191, 1, 40.581596282000646, 1206, 235336,                                             235336, 2.6317906379699707, 140.2306365966797
159, -641.8173947036266, 1, 41.3367527649998, 1239, 236575,                                             236575, 2.5488908290863037, 140.00697326660156
160, -225.42378289997578, 1, 25.162685677999434, 746, 237321,                                             237321, 2.5562796592712402, 139.7111053466797
161, -1119.120142325759, 4, 48.97698198099988, 1477, 238798,                                             238798, 2.554417610168457, 138.772216796875
162, -1248.8272565603256, 4, 49.57221771600052, 1486, 240284,                                             240284, 2.645427703857422, 138.4924774169922
163, -36.942785903811455, 1, 11.729339285000606, 285, 240569,                                             240569, 2.569103240966797, 138.56553649902344
164, -322.65554724633694, 1, 31.877131066999937, 899, 241468,                                             241468, 2.4383137226104736, 137.43670654296875
165, -599.1102861911058, 1, 48.98446365500058, 1443, 242911,                                             242911, 2.535923957824707, 137.04458618164062
166, -1107.7708401829004, 4, 49.566148515999885, 1454, 244365,                                             244365, 2.615115165710449, 136.65652465820312
167, -1321.1860147416592, 4, 49.532846197000254, 1457, 245822,                                             245822, 2.455899953842163, 136.3820343017578
168, -97.99210199713707, 1, 13.743910565999613, 407, 246229,                                             246229, 2.4427876472473145, 135.99147033691406
169, -584.1775750815868, 1, 33.728914497000005, 984, 247213,                                             247213, 2.5223569869995117, 136.28855895996094
170, -1289.2134456932545, 4, 49.58656940900073, 1457, 248670,                                             248670, 2.384782314300537, 135.24240112304688
171, -240.77779340744019, 1, 23.129950259000907, 690, 249360,                                             249360, 2.3436810970306396, 134.10922241210938
172, -375.3875683695078, 1, 37.68277058199965, 1088, 250448,                                             250448, 2.412998914718628, 134.3670654296875
173, -542.8423251956701, 1, 44.80304431300101, 1324, 251772,                                             251772, 2.3897058963775635, 134.16061401367188
174, -355.44006684422493, 1, 31.932183814000382, 940, 252712,                                             252712, 2.449862241744995, 133.4103240966797
175, -1232.6709791868925, 4, 49.15573975099869, 1448, 254160,                                             254160, 2.4562222957611084, 133.2301483154297
176, 66.99604439735413, 1, 2.721294492001107, 78, 254238,                                             254238, 2.45394229888916, 132.6533203125
177, -270.99440728127956, 1, 26.95760449699992, 779, 255017,                                             255017, 2.486572742462158, 133.57650756835938
178, -1014.4880983233452, 4, 49.537415123000756, 1468, 256485,                                             256485, 2.376652717590332, 132.5702362060547
179, -79.57401484251022, 1, 15.099803514998712, 436, 256921,                                             256921, 2.355010509490967, 132.8643341064453
180, -1014.5301091372967, 4, 49.792514826000115, 1452, 258373,                                             258373, 2.321725368499756, 131.50132751464844
181, -120.93870747089386, 1, 15.916821513001196, 467, 258840,                                             258840, 2.2549145221710205, 131.7630615234375
182, -453.76027500629425, 1, 27.383667124999192, 808, 259648,                                             259648, 2.3420891761779785, 131.24807739257812
183, -201.5149339735508, 1, 21.075933191999866, 609, 260257,                                             260257, 2.3117926120758057, 130.95217895507812
184, -976.9574531465769, 4, 49.777182579999135, 1192, 261449,                                             261449, 2.3806309700012207, 130.85984802246094
185, -456.2608308792114, 1, 37.73819122399982, 839, 262288,                                             262288, 2.450978994369507, 130.562744140625
186, -690.8171188533306, 4, 49.991853862000426, 1140, 263428,                                             263428, 2.345184326171875, 130.73989868164062
187, -1222.5751678943634, 4, 49.158439029000874, 1339, 264767,                                             264767, 2.307997226715088, 129.82286071777344
188, -272.93428471684456, 1, 26.1000359640002, 721, 265488,                                             265488, 2.224083423614502, 129.39617919921875
189, -791.1842949688435, 4, 49.788293812998745, 1371, 266859,                                             266859, 2.2516679763793945, 129.31329345703125
190, -178.97197411954403, 1, 20.903533357000924, 604, 267463,                                             267463, 2.359219789505005, 128.9833984375
191, -474.6206442117691, 1, 43.81834749599875, 1178, 268641,                                             268641, 2.30006742477417, 128.3727264404297
192, -172.49848486483097, 1, 21.70202277200042, 546, 269187,                                             269187, 2.2608249187469482, 128.2058868408203
193, -481.2255116701126, 1, 32.17027848399994, 909, 270096,                                             270096, 2.2812020778656006, 127.96383666992188
194, -467.92568895220757, 1, 39.73134139399917, 1125, 271221,                                             271221, 2.287691831588745, 127.3987808227539
195, -1106.6434651613235, 4, 50.54235915299978, 1456, 272677,                                             272677, 2.2474634647369385, 126.959716796875
196, -995.6761780530214, 4, 49.17159302000073, 1208, 273885,                                             273885, 2.3029191493988037, 127.42135620117188
197, -52.26777184009552, 1, 9.94072229899939, 247, 274132,                                             274132, 2.3003790378570557, 126.26146697998047
198, -279.488919660449, 1, 32.914967343998796, 810, 274942,                                             274942, 2.2603015899658203, 126.38383483886719
199, -383.09231516718864, 1, 34.36942195700067, 848, 275790,                                             275790, 2.1744651794433594, 126.60173034667969
200, -923.3707170635462, 4, 49.94335072700051, 1177, 276967,                                             276967, 2.350823163986206, 126.2372055053711

