episode, reward, success, duration, steps, total_steps, memory length, avg_critic_loss, avg_actor_loss
901, -1764.2902278602123, 2, 34.93259573899991, 1308, 1031297,                                             50910, 4.526893138885498, 167.4882354736328
902, -3531.537260442972, 4, 55.82217734299991, 1824, 1033121,                                             52734, 5.526516914367676, 236.24905395507812
903, -3632.1455563902855, 4, 56.46941840300008, 1842, 1034963,                                             54576, 5.111696720123291, 233.28933715820312
904, -2007.2170727849007, 4, 55.678628873999855, 1821, 1036784,                                             56397, 4.864907264709473, 231.9413604736328
905, -2008.3167632520199, 4, 52.807929619000106, 1720, 1038504,                                             58117, 4.566628932952881, 227.79888916015625
906, -1999.6442773342133, 4, 55.53014830699999, 1792, 1040296,                                             59909, 4.402398586273193, 221.49313354492188
907, 21.34966704249382, 1, 4.726131282999859, 149, 1040445,                                             60058, 4.232182025909424, 217.51776123046875
908, -2601.6999521553516, 4, 56.699958143, 1482, 1041927,                                             61540, 4.2101006507873535, 215.3412628173828
909, -428.2931213080883, 2, 15.950867226000128, 346, 1042273,                                             61886, 4.21434211730957, 214.73715209960938
910, -2105.4306265711784, 4, 54.822805964000054, 1267, 1043540,                                             63153, 4.300302028656006, 212.34371948242188
911, -2180.317304342985, 4, 54.17137737600001, 1264, 1044804,                                             64417, 4.303708076477051, 210.79798889160156
912, -1637.2333154827356, 4, 56.016753221000045, 1326, 1046130,                                             65743, 4.134471416473389, 208.8240509033203
913, -1200.7283115237951, 2, 29.905486356999972, 887, 1047017,                                             66630, 4.064848899841309, 205.10662841796875
914, -1574.8695926070213, 2, 39.52678510499982, 1262, 1048279,                                             67892, 3.9334490299224854, 201.24977111816406
915, -2176.5567760318518, 4, 51.462848871000006, 1655, 1049934,                                             69547, 3.8042547702789307, 195.74612426757812
916, -1135.3308911025524, 2, 22.233591184000034, 706, 1050640,                                             70253, 3.5192079544067383, 191.34268188476562
917, -50.600210934877396, 1, 11.231269098000212, 287, 1050927,                                             70540, 3.6689844131469727, 188.9888458251953
918, -1950.0303989499807, 4, 52.963187168000104, 1654, 1052581,                                             72194, 3.5269389152526855, 186.737060546875
919, -1425.990125656128, 2, 29.55877989800001, 937, 1053518,                                             73131, 3.445556879043579, 182.94036865234375
920, -2512.1588474959135, 2, 53.53579542400007, 1716, 1055234,                                             74847, 3.3307132720947266, 180.15045166015625
921, -2982.2621643692255, 4, 51.543466752000086, 1626, 1056860,                                             76473, 3.333529233932495, 178.02459716796875
922, -1541.7328280061483, 2, 42.68363419100001, 1366, 1058226,                                             77839, 3.304668664932251, 175.8111114501953
923, -1875.7273099720478, 2, 27.409958827000082, 860, 1059086,                                             78699, 3.313184976577759, 174.2605438232422
924, -958.8328602015972, 2, 29.77691434799999, 932, 1060018,                                             79631, 3.23054838180542, 172.6715087890625
925, -1856.6215869039297, 4, 52.58736396800009, 1654, 1061672,                                             81285, 3.123774528503418, 170.5596466064453
926, -920.0199970602989, 1, 37.181687809000096, 1115, 1062787,                                             82400, 3.125382423400879, 168.41314697265625
927, -557.0755527615547, 2, 17.109545490000073, 525, 1063312,                                             82925, 3.0428707599639893, 166.68017578125
928, -1273.845928966999, 2, 31.32510063299992, 977, 1064289,                                             83902, 3.0306246280670166, 165.153076171875
929, -328.4565915390849, 1, 24.004403251999975, 740, 1065029,                                             84642, 2.9790589809417725, 163.8842315673828
930, -228.78147652745247, 1, 19.362279639999997, 583, 1065612,                                             85225, 2.932508707046509, 162.04132080078125
931, -1522.6080745905638, 2, 35.555770062999954, 1098, 1066710,                                             86323, 2.949646234512329, 160.42562866210938
932, -1051.2249201834202, 1, 45.72449791400004, 1430, 1068140,                                             87753, 2.8763740062713623, 158.3553466796875
933, -296.0877215862274, 2, 4.3086370690002695, 119, 1068259,                                             87872, 2.8741016387939453, 157.46380615234375
934, 4.682349219918251, 1, 7.535878818000128, 214, 1068473,                                             88086, 2.8228399753570557, 156.81309509277344
935, -325.4545625895262, 1, 27.481043667999984, 779, 1069252,                                             88865, 2.8188962936401367, 155.70263671875
936, -444.4759105592966, 1, 21.181063343999995, 628, 1069880,                                             89493, 2.7735798358917236, 154.59429931640625
937, -841.6168254762888, 2, 26.44778865499984, 718, 1070598,                                             90211, 2.7713353633880615, 153.47579956054688
938, 64.94241306185722, 1, 3.1082659600001534, 77, 1070675,                                             90288, 2.9842963218688965, 153.52813720703125
939, -553.3548640906811, 2, 18.372820820000015, 502, 1071177,                                             90790, 2.823152780532837, 152.48202514648438
940, -33.794334664940834, 1, 7.138561371000378, 195, 1071372,                                             90985, 2.7006006240844727, 151.4803466796875
941, -255.9405026435852, 1, 19.554399001999627, 542, 1071914,                                             91527, 2.704686164855957, 151.25289916992188
942, -880.8994066119194, 2, 35.279040733999864, 970, 1072884,                                             92497, 2.7184560298919678, 150.3013458251953
943, -1603.0671861469746, 4, 56.00990250099994, 1550, 1074434,                                             94047, 2.7284741401672363, 148.68789672851562
944, -296.49779120087624, 1, 18.10292760099992, 501, 1074935,                                             94548, 2.7639379501342773, 148.1411590576172
945, -2448.1514315903187, 4, 51.471302140999796, 1426, 1076361,                                             95974, 2.7422609329223633, 147.06930541992188
946, -713.8630075156689, 2, 27.413702612999714, 756, 1077117,                                             96730, 2.7871570587158203, 146.5585479736328
947, -864.5467805564404, 1, 31.326894436999737, 860, 1077977,                                             97590, 2.764375686645508, 146.0900115966797
948, -1246.1012278795242, 2, 24.532539470999836, 679, 1078656,                                             98269, 2.7333321571350098, 145.64410400390625
949, -123.74151401221752, 1, 12.555094354000175, 343, 1078999,                                             98612, 2.801292657852173, 145.3856658935547
950, -2192.5962913930416, 2, 52.422831850999955, 1426, 1080425,                                             100038, 2.7491295337677, 144.61085510253906
951, -77.82684367895126, 1, 11.90107332000025, 319, 1080744,                                             100357, 2.71673846244812, 144.6273651123047
952, -473.1960467547178, 1, 37.781168396999874, 993, 1081737,                                             101350, 2.7584152221679688, 144.0569610595703
953, -1289.8018348813057, 2, 17.76698826999973, 445, 1082182,                                             101795, 2.781916856765747, 143.86676025390625
954, -147.3236999362707, 1, 17.746304782000152, 434, 1082616,                                             102229, 2.7817223072052, 144.044921875
955, -1546.4720467329025, 2, 35.777484707999974, 912, 1083528,                                             103141, 2.7685787677764893, 143.30728149414062
956, 55.16282247006893, 1, 4.5400187589998495, 110, 1083638,                                             103251, 2.8478548526763916, 144.16737365722656
957, -278.07441356778145, 1, 24.14928685399991, 586, 1084224,                                             103837, 2.7320518493652344, 143.15977478027344
958, -1395.2818154543638, 4, 54.9217213070001, 1350, 1085574,                                             105187, 2.7141571044921875, 142.2285614013672
959, -24.41489064693451, 1, 11.565361793000193, 286, 1085860,                                             105473, 2.7536983489990234, 141.8968048095703
960, -1537.1494874209166, 4, 56.65657711999984, 1451, 1087311,                                             106924, 2.7945168018341064, 141.13558959960938
961, -1676.4535442143679, 4, 53.17679550399998, 1354, 1088665,                                             108278, 2.7564451694488525, 140.1954803466797
962, -435.33495515584946, 1, 31.415388298999915, 796, 1089461,                                             109074, 2.773921251296997, 139.75491333007812
963, -387.8838857412338, 1, 32.01283874000001, 806, 1090267,                                             109880, 2.7572176456451416, 138.8383331298828
964, -680.01265001297, 1, 30.215616666000187, 770, 1091037,                                             110650, 2.747919797897339, 138.35052490234375
965, -520.2258383631706, 2, 8.892828103000284, 218, 1091255,                                             110868, 2.8104588985443115, 138.00160217285156
966, -46.73466731607914, 1, 12.957187351999892, 322, 1091577,                                             111190, 2.7464308738708496, 137.9744415283203
967, -1533.4541650861502, 4, 56.460305511000115, 1418, 1092995,                                             112608, 2.720824956893921, 137.32608032226562
968, -4.240851879119873, 1, 8.929046477999691, 218, 1093213,                                             112826, 2.739340305328369, 136.80674743652344
969, -500.92723040282726, 1, 27.615124767999987, 706, 1093919,                                             113532, 2.6801583766937256, 136.293212890625
970, -760.8465097546577, 1, 47.6875281990001, 1215, 1095134,                                             114747, 2.715670108795166, 135.7405548095703
971, -591.5644841790199, 2, 8.855970359999901, 222, 1095356,                                             114969, 2.6832971572875977, 135.52430725097656
972, -130.58474849909544, 1, 18.571526274999997, 460, 1095816,                                             115429, 2.6568338871002197, 135.0250244140625
973, -565.7678262144327, 1, 41.02433441999983, 1048, 1096864,                                             116477, 2.6953389644622803, 134.9514923095703
974, -259.97557654976845, 2, 4.511451689999831, 109, 1096973,                                             116586, 2.63431715965271, 133.81182861328125
975, -50.77519369125366, 1, 11.946318616000099, 305, 1097278,                                             116891, 2.578054428100586, 133.86448669433594
976, -274.76958361268044, 1, 32.39672096200002, 820, 1098098,                                             117711, 2.6130335330963135, 133.52682495117188
977, -568.6636939644814, 1, 36.24851935700008, 922, 1099020,                                             118633, 2.6468513011932373, 133.0816650390625
978, -536.2163731604815, 1, 33.455989671000225, 847, 1099867,                                             119480, 2.6180953979492188, 132.4039306640625
979, -331.43648278713226, 2, 7.742965556999934, 187, 1100054,                                             119667, 2.5184531211853027, 131.69903564453125
980, -1815.8338587880135, 4, 53.082151692000025, 1347, 1101401,                                             121014, 2.609282970428467, 131.5590057373047
981, -225.48840724676847, 1, 18.867906644999948, 465, 1101866,                                             121479, 2.559293270111084, 131.1680450439453
982, -168.26777091622353, 1, 21.455847686000197, 538, 1102404,                                             122017, 2.5584635734558105, 130.8162078857422
983, -91.52356067299843, 1, 14.56234699300012, 365, 1102769,                                             122382, 2.5922305583953857, 130.22084045410156
984, -378.939358279109, 2, 9.92243028599978, 244, 1103013,                                             122626, 2.5625596046447754, 130.10020446777344
985, -144.39506459236145, 1, 15.23622115299986, 383, 1103396,                                             123009, 2.594111442565918, 129.67332458496094
986, -628.6082123070955, 1, 35.634364722999635, 891, 1104287,                                             123900, 2.56821608543396, 129.83139038085938
987, -834.9294811040163, 2, 34.601013439000326, 851, 1105138,                                             124751, 2.596386432647705, 129.27365112304688
988, -1278.688916221261, 1, 54.29976160199976, 1638, 1106776,                                             126389, 2.5085244178771973, 128.53195190429688
989, -349.0060296058655, 2, 5.890602460000082, 172, 1106948,                                             126561, 2.5943222045898438, 128.04112243652344
990, -851.4220164492726, 2, 29.01493073599977, 893, 1107841,                                             127454, 2.5139331817626953, 127.63410949707031
991, -1660.494617626071, 4, 56.12087881499974, 1733, 1109574,                                             129187, 2.4432246685028076, 127.03894805908203
992, -520.2352574765682, 1, 29.16925078200029, 890, 1110464,                                             130077, 2.4431395530700684, 126.8584213256836
993, -333.44640243053436, 2, 2.7258989260003545, 78, 1110542,                                             130155, 2.1959378719329834, 126.38154602050781
994, -14.02788658440113, 1, 7.317612267000186, 216, 1110758,                                             130371, 2.4462504386901855, 126.30150604248047
995, -371.4874260649085, 1, 26.808676015999936, 813, 1111571,                                             131184, 2.4148964881896973, 126.1068344116211
996, -648.167666181922, 1, 26.401053880999825, 810, 1112381,                                             131994, 2.433651924133301, 125.80378723144531
997, -859.0091417506337, 1, 34.79799888600019, 1064, 1113445,                                             133058, 2.436784505844116, 125.27033996582031
998, -48.41367472708225, 1, 13.35451599199996, 405, 1113850,                                             133463, 2.4025983810424805, 125.02873229980469
999, -547.1780377626419, 1, 28.657496363000064, 876, 1114726,                                             134339, 2.393460512161255, 124.70510864257812
1000, -240.78706708550453, 1, 16.35092068599988, 495, 1115221,                                             134834, 2.3972415924072266, 124.31085968017578
1001, -307.06746381521225, 2, 3.4044807330001277, 99, 1115320,                                             134933, 2.3526852130889893, 123.9627685546875
1002, -272.0045915842056, 1, 23.774000217999856, 716, 1116036,                                             135649, 2.3993747234344482, 124.14400482177734
1003, -334.9005395770073, 2, 4.530947292000292, 136, 1116172,                                             135785, 2.3858659267425537, 124.09680938720703
1004, -377.00014421343803, 1, 28.181534827000178, 863, 1117035,                                             136648, 2.352229356765747, 123.66255187988281
1005, -682.8707022368908, 2, 10.323780354000064, 310, 1117345,                                             136958, 2.3862290382385254, 123.62686157226562
1006, -71.42786628007889, 1, 11.740426968000065, 363, 1117708,                                             137321, 2.400360584259033, 123.38935852050781
1007, -312.6781340390444, 1, 19.186892798999907, 581, 1118289,                                             137902, 2.353839635848999, 123.1138687133789
1008, -375.6210852563381, 1, 26.369236335000096, 806, 1119095,                                             138708, 2.3537049293518066, 122.81172180175781
1009, -230.21279406547546, 2, 1.1205924159999086, 30, 1119125,                                             138738, 2.3687198162078857, 122.35377502441406
1010, -359.86952017247677, 1, 28.295810884000275, 805, 1119930,                                             139543, 2.387342929840088, 122.44566345214844
1011, -2301.762961804867, 2, 28.173796629999742, 851, 1120781,                                             140394, 2.3697855472564697, 122.46609497070312
1012, 48.42326167225838, 1, 3.301826498999617, 95, 1120876,                                             140489, 2.3449227809906006, 122.39977264404297
1013, -475.79983952641487, 1, 32.013357934999476, 971, 1121847,                                             141460, 2.402822971343994, 122.45223236083984
1014, -267.4666380286217, 2, 3.3255858219999936, 93, 1121940,                                             141553, 2.29734468460083, 122.42182922363281
1015, -186.39229264110327, 1, 14.713719399000183, 441, 1122381,                                             141994, 2.3747658729553223, 121.84477996826172
1016, -935.5130989849567, 1, 38.774345435000214, 1186, 1123567,                                             143180, 2.3388822078704834, 121.63066864013672
1017, -485.8746021911502, 1, 23.957018226999935, 728, 1124295,                                             143908, 2.3701131343841553, 121.45317077636719
1018, -1181.1694085896015, 4, 53.42601656900024, 1632, 1125927,                                             145540, 2.390550374984741, 120.94869995117188
1019, -815.920503154397, 1, 26.215868974999466, 797, 1126724,                                             146337, 2.3778767585754395, 120.54933166503906
1020, -316.3849382996559, 2, 2.525712169000144, 71, 1126795,                                             146408, 2.257861852645874, 120.10111236572266
1021, -1243.0159558355808, 4, 52.9120436029998, 1600, 1128395,                                             148008, 2.3900392055511475, 120.25387573242188
1022, -1524.8116218149662, 2, 45.91992754400053, 1417, 1129812,                                             149425, 2.3626461029052734, 120.02454376220703
1023, 86.27950569987297, 1, 1.1156986369996957, 30, 1129842,                                             149455, 2.508610963821411, 120.88835144042969
1024, -404.395038574934, 1, 27.047328147999906, 883, 1130725,                                             150338, 2.349544048309326, 119.9980697631836
1025, -839.4921578168869, 2, 9.526824722000129, 305, 1131030,                                             150643, 2.298797845840454, 120.10354614257812
1026, -38.6728378534317, 1, 6.095907759000511, 196, 1131226,                                             150839, 2.258744955062866, 119.6351318359375
1027, -267.83162146806717, 1, 26.166844806999507, 846, 1132072,                                             151685, 2.3684511184692383, 119.86471557617188
1028, -801.7416418194771, 2, 11.873153624000224, 388, 1132460,                                             152073, 2.391702651977539, 119.6710205078125
1029, -1548.4463708996773, 2, 39.135434540999995, 1262, 1133722,                                             153335, 2.375786304473877, 120.00487518310547
1030, -563.2087589949369, 1, 32.50629352299984, 1014, 1134736,                                             154349, 2.3701939582824707, 120.02336120605469
1031, -1511.2569820433855, 4, 53.888440737000565, 1716, 1136452,                                             156065, 2.376798391342163, 119.5068588256836
1032, -1158.8350875973701, 1, 44.84301635199972, 1443, 1137895,                                             157508, 2.3727920055389404, 119.33049774169922
