episode, reward, success, duration, steps, total_steps, memory length, avg_critic_loss, avg_actor_loss
201, 61.78362816572189, 1, 2.84969701, 59, 277026,                                             277026, 3.7796669006347656, 124.74351501464844
202, -1840.4958108216524, 4, 50.29066417300001, 1407, 278433,                                             278433, 2.3527705669403076, 125.1937484741211
203, -1225.4940257072449, 4, 49.77942709499996, 1409, 279842,                                             279842, 2.2045958042144775, 124.87533569335938
204, -1167.0011434555054, 4, 48.76599206999998, 1394, 281236,                                             281236, 2.267918586730957, 124.97911834716797
205, -69.21521082520485, 1, 13.529606338000008, 385, 281621,                                             281621, 2.2567553520202637, 124.6131591796875
206, -293.9357596337795, 1, 31.547265682999978, 901, 282522,                                             282522, 2.234175205230713, 125.2621841430664
207, -231.2741781771183, 1, 19.294177667999975, 549, 283071,                                             283071, 2.2539403438568115, 125.48307800292969
208, -324.03501918911934, 1, 30.13851717199998, 857, 283928,                                             283928, 2.412351608276367, 124.73616790771484
209, -222.5964714884758, 1, 26.781016829999942, 770, 284698,                                             284698, 2.3774118423461914, 124.3338394165039
210, -315.3462511897087, 1, 30.707396372000062, 879, 285577,                                             285577, 2.253107786178589, 123.60184478759766
211, -325.03478622436523, 1, 24.38161513099999, 694, 286271,                                             286271, 2.2162606716156006, 124.3099365234375
212, -390.11333110928535, 1, 35.14651993099994, 1002, 287273,                                             287273, 2.278750419616699, 123.58712768554688
213, -305.56670984625816, 1, 29.341508021000095, 845, 288118,                                             288118, 2.169661283493042, 122.9344711303711
214, -871.2654286921024, 4, 50.373146794000036, 1437, 289555,                                             289555, 2.2764837741851807, 123.1399154663086
215, -1176.2918018102646, 4, 49.18890193799996, 1418, 290973,                                             290973, 2.2393157482147217, 123.06954956054688
216, -173.55982001125813, 1, 21.726044241999944, 623, 291596,                                             291596, 2.2789525985717773, 122.71428680419922
217, -388.9455764442682, 1, 33.93176679399994, 974, 292570,                                             292570, 2.189767837524414, 121.88223266601562
218, -275.8161993473768, 1, 29.150371372999984, 832, 293402,                                             293402, 2.1251378059387207, 121.92375946044922
219, -225.9572745859623, 1, 23.927412581, 672, 294074,                                             294074, 2.2513904571533203, 121.96664428710938
220, -313.41388054192066, 1, 32.122937858, 909, 294983,                                             294983, 2.1558353900909424, 121.32936096191406
221, -310.0576875805855, 1, 30.206031798000026, 849, 295832,                                             295832, 2.3035244941711426, 121.11800384521484
222, -385.4856293052435, 1, 32.31963374999998, 911, 296743,                                             296743, 2.3173680305480957, 121.64431762695312
223, -202.03217989206314, 1, 25.74849032499992, 708, 297451,                                             297451, 2.196481704711914, 120.32374572753906
224, -301.3202905356884, 1, 33.72721357299997, 941, 298392,                                             298392, 2.2385880947113037, 120.85527038574219
225, -827.0945978760719, 4, 49.792460531000074, 1423, 299815,                                             299815, 2.2580175399780273, 120.29627990722656
226, -1140.696546047926, 4, 49.150893602, 1379, 301194,                                             301194, 2.202766180038452, 119.57723236083984
227, -256.7056574523449, 1, 28.546401012999922, 803, 301997,                                             301997, 2.275463819503784, 120.11829376220703
228, -320.11765334010124, 1, 35.34688467299998, 999, 302996,                                             302996, 2.2128114700317383, 119.50255584716797
229, -261.91678316891193, 1, 31.739474941000026, 895, 303891,                                             303891, 2.2304983139038086, 119.44438934326172
230, -263.30206659436226, 1, 28.547027812000124, 797, 304688,                                             304688, 2.181307554244995, 119.0589828491211
231, -1244.5025548487902, 4, 49.239980106000075, 1369, 306057,                                             306057, 2.216862440109253, 119.0067138671875
232, -1222.1584203988314, 4, 49.52792922999993, 1384, 307441,                                             307441, 2.2791099548339844, 118.95874786376953
233, -77.60503897070885, 1, 14.754553177999924, 409, 307850,                                             307850, 2.113448143005371, 118.2440185546875
234, -191.38038285076618, 1, 21.281823078000116, 595, 308445,                                             308445, 2.0993306636810303, 118.327392578125
235, -223.29931181669235, 1, 26.14753431400004, 736, 309181,                                             309181, 2.2747960090637207, 118.64591217041016
236, -242.5087019354105, 1, 31.330129553999996, 877, 310058,                                             310058, 2.248659133911133, 117.69293212890625
237, -275.7285516113043, 1, 31.563811777000183, 887, 310945,                                             310945, 2.2596631050109863, 117.75406646728516
238, -995.7071752995253, 4, 49.98137893000012, 1398, 312343,                                             312343, 2.1917028427124023, 117.59329986572266
239, -912.9627149254084, 1, 46.34163840399992, 1293, 313636,                                             313636, 2.1698408126831055, 117.50541687011719
240, -377.51234290003777, 1, 36.958343197999966, 1032, 314668,                                             314668, 2.2138373851776123, 117.14720916748047
241, -546.8393461704254, 1, 47.237213467999936, 1304, 315972,                                             315972, 2.0504162311553955, 116.89547729492188
242, -802.9696448743343, 4, 50.55478578199995, 1400, 317372,                                             317372, 2.0991880893707275, 115.84476470947266
243, -678.8150637298822, 1, 41.57363555000006, 1148, 318520,                                             318520, 2.15144419670105, 116.3727798461914
244, -1034.048526957631, 4, 50.15398590500013, 1398, 319918,                                             319918, 2.1180548667907715, 115.82271575927734
245, -43.60732492804527, 1, 11.53939891999994, 319, 320237,                                             320237, 2.1612164974212646, 116.06389617919922
246, -468.3257563114166, 1, 30.134258792999844, 832, 321069,                                             321069, 2.0958731174468994, 115.61722564697266
247, -187.25392213463783, 1, 22.113641594, 609, 321678,                                             321678, 2.0594613552093506, 114.9189224243164
248, -394.13467824459076, 1, 40.371385304000114, 1119, 322797,                                             322797, 2.153970718383789, 115.27379608154297
249, -860.2225597947836, 1, 47.15872397399994, 1306, 324103,                                             324103, 2.1284964084625244, 115.00556182861328
250, -793.0221600830555, 1, 46.77763345700009, 1304, 325407,                                             325407, 2.047104835510254, 115.13644409179688
251, -146.66182860732079, 1, 20.14196912200009, 546, 325953,                                             325953, 2.103534460067749, 114.65925598144531
252, -134.54257199168205, 1, 18.559963611000057, 512, 326465,                                             326465, 1.9864712953567505, 113.88164520263672
253, -170.9296293258667, 1, 19.70641028599971, 533, 326998,                                             326998, 2.0985705852508545, 114.72349548339844
254, -365.3299839794636, 1, 33.53608282899995, 943, 327941,                                             327941, 2.017800807952881, 113.88540649414062
255, -1153.8515102267265, 4, 49.55407404499965, 1372, 329313,                                             329313, 2.1341826915740967, 113.47892761230469
256, -1172.944070905447, 4, 50.025786143000005, 1420, 330733,                                             330733, 2.0339484214782715, 113.74368286132812
257, -53.55495868623257, 1, 15.10474276199966, 401, 331134,                                             331134, 1.998827338218689, 113.7706527709961
258, -319.9039753675461, 1, 37.748973965000005, 1037, 332171,                                             332171, 2.0401716232299805, 113.82034301757812
259, -127.60236144065857, 1, 20.119210074999955, 551, 332722,                                             332722, 2.188904047012329, 113.6799545288086
260, -902.4211623072624, 4, 49.56951296099987, 1370, 334092,                                             334092, 2.1106905937194824, 113.25814056396484
261, -718.8865843117237, 1, 42.1992547169998, 1165, 335257,                                             335257, 2.0807886123657227, 113.758544921875
262, -207.35113042593002, 1, 24.156917326999974, 607, 335864,                                             335864, 1.9448907375335693, 112.89225006103516
263, -259.32269769907, 1, 22.886773907000133, 618, 336482,                                             336482, 1.998155117034912, 112.44556427001953
264, -212.62399280071259, 1, 24.904066740000417, 664, 337146,                                             337146, 1.9437226057052612, 112.60987854003906
265, -493.068300396204, 1, 44.609722702, 1205, 338351,                                             338351, 1.9852354526519775, 112.01271057128906
266, -964.3109898716211, 4, 48.929245034999894, 1316, 339667,                                             339667, 2.067265748977661, 112.18673706054688
267, -371.1367417871952, 1, 30.332735875999788, 802, 340469,                                             340469, 1.9748728275299072, 112.08441925048828
268, -429.23253402113914, 1, 40.359720703999756, 1085, 341554,                                             341554, 2.0361790657043457, 112.13983917236328
269, -993.0886999517679, 4, 49.37608474400031, 1321, 342875,                                             342875, 2.0131654739379883, 112.05052185058594
270, -111.07532402873039, 1, 18.515558945000066, 496, 343371,                                             343371, 2.06853985786438, 111.89581298828125
271, -189.2518250644207, 1, 17.16209396899967, 459, 343830,                                             343830, 2.0664048194885254, 111.22161865234375
272, -172.55957080423832, 1, 23.980187253000167, 615, 344445,                                             344445, 1.9245531558990479, 111.43744659423828
273, -130.8208630979061, 1, 23.26630866200003, 600, 345045,                                             345045, 2.0378835201263428, 111.34391784667969
274, -136.8515980243683, 1, 23.155529176000073, 593, 345638,                                             345638, 1.9678858518600464, 110.81295013427734
275, -854.1062035411596, 4, 50.3675971470002, 1349, 346987,                                             346987, 1.9695110321044922, 111.23070526123047
276, -563.4553789794445, 1, 37.55098319700028, 1002, 347989,                                             347989, 1.9352025985717773, 110.55281829833984
277, -335.10909831523895, 1, 38.52373598000031, 1022, 349011,                                             349011, 2.004498243331909, 110.84768676757812
278, -258.9755532592535, 1, 31.755918993999785, 844, 349855,                                             349855, 1.9811800718307495, 111.1486587524414
279, -879.3020216077566, 4, 49.60596318399985, 1320, 351175,                                             351175, 2.010136842727661, 110.63191223144531
280, -94.15892025828362, 1, 20.91639652799995, 546, 351721,                                             351721, 2.024543046951294, 110.88040924072266
281, -313.2183013856411, 1, 27.787185921999935, 735, 352456,                                             352456, 1.960817575454712, 110.31909942626953
282, -369.89727476239204, 1, 31.88041750499997, 806, 353262,                                             353262, 2.021881580352783, 109.93900299072266
283, -134.44466689229012, 1, 14.94187245699959, 391, 353653,                                             353653, 2.092564821243286, 110.12745666503906
284, -397.76660980284214, 1, 29.72279881600025, 792, 354445,                                             354445, 1.9606637954711914, 109.62449645996094
285, -319.4692166149616, 1, 28.134557704000144, 759, 355204,                                             355204, 1.987055778503418, 109.6020736694336
286, -864.2416036725044, 4, 49.776820816000054, 1316, 356520,                                             356520, 1.9899805784225464, 109.32441711425781
287, -50.31212219595909, 1, 15.337543561000075, 387, 356907,                                             356907, 2.0734212398529053, 109.01834106445312
288, -395.66397526860237, 1, 41.29657934499983, 1093, 358000,                                             358000, 2.045393705368042, 109.41730499267578
289, -499.3530296385288, 1, 37.75675288899993, 1001, 359001,                                             359001, 1.973010778427124, 108.75237274169922
290, -270.03364926576614, 1, 33.18431348199965, 862, 359863,                                             359863, 2.0386950969696045, 108.50202178955078
291, -152.12419678270817, 1, 22.121098130000064, 556, 360419,                                             360419, 1.8899129629135132, 108.85267639160156
292, -238.2903876900673, 1, 24.161271580000175, 632, 361051,                                             361051, 2.083172082901001, 108.54518127441406
293, -281.63757371902466, 1, 30.083666283000184, 791, 361842,                                             361842, 1.982835054397583, 108.16446685791016
294, -305.1960815191269, 1, 34.747720156000014, 911, 362753,                                             362753, 1.914205551147461, 108.20240783691406
295, -762.6658578366041, 4, 49.16911671099979, 1307, 364060,                                             364060, 1.9400583505630493, 107.57222747802734
296, -113.4354688078165, 1, 19.1253232439999, 505, 364565,                                             364565, 1.9022446870803833, 107.68060302734375
297, -203.3475671261549, 1, 30.3245264899997, 814, 365379,                                             365379, 1.9066466093063354, 107.91705322265625
298, -224.90173937380314, 1, 37.20556613999997, 891, 366270,                                             366270, 1.9616987705230713, 107.58465576171875
299, -156.6039893478155, 1, 25.098571579000236, 560, 366830,                                             366830, 1.921787977218628, 107.4095458984375
300, -276.2685183286667, 1, 36.53549076100035, 850, 367680,                                             367680, 2.0389041900634766, 106.85035705566406
301, -264.6589946746826, 1, 30.53761595800006, 743, 368423,                                             368423, 1.9694850444793701, 106.9288330078125
302, -259.8474431335926, 1, 30.1739762469997, 783, 369206,                                             369206, 2.0298092365264893, 107.29301452636719
303, -335.49775283038616, 1, 29.28737795500001, 738, 369944,                                             369944, 1.9611663818359375, 106.56326293945312
304, -312.0604463368654, 1, 31.97895148700036, 825, 370769,                                             370769, 1.9426727294921875, 106.52674102783203
305, -122.22429919242859, 1, 22.97243401300011, 573, 371342,                                             371342, 1.8395386934280396, 106.69844055175781
306, -407.53418231010437, 1, 37.22088211600021, 966, 372308,                                             372308, 1.8108934164047241, 106.38434600830078
307, -140.77394032478333, 1, 16.5576583940001, 439, 372747,                                             372747, 1.897995948791504, 106.95193481445312
308, -119.05834451317787, 1, 21.105601055999614, 510, 373257,                                             373257, 1.8839765787124634, 106.36659240722656
309, -113.73437112569809, 1, 19.968769416000214, 497, 373754,                                             373754, 1.9439200162887573, 106.54776000976562
310, -122.84582631289959, 1, 18.674171934999777, 490, 374244,                                             374244, 1.8700776100158691, 106.03941345214844
311, -153.19454057514668, 1, 18.544221179000033, 473, 374717,                                             374717, 1.8627961874008179, 105.60588073730469
312, -199.74019937962294, 1, 27.385545456999807, 720, 375437,                                             375437, 1.8475404977798462, 106.01997375488281
313, -198.36065644025803, 1, 22.68439903799981, 591, 376028,                                             376028, 1.8807802200317383, 106.22391510009766
314, -112.73641887307167, 1, 20.92662372399991, 542, 376570,                                             376570, 1.9057554006576538, 105.36898040771484
315, -231.96401254832745, 1, 31.931257103000007, 822, 377392,                                             377392, 1.797113060951233, 105.38497924804688
316, -175.02606305480003, 1, 24.533562859000085, 628, 378020,                                             378020, 1.9897785186767578, 104.82656860351562
317, -322.1715292185545, 1, 38.39064398900018, 990, 379010,                                             379010, 1.9013630151748657, 105.24317169189453
318, -209.23371875286102, 1, 20.911402719000307, 520, 379530,                                             379530, 1.8762129545211792, 105.00825500488281
319, -268.64759750664234, 1, 34.5787552390002, 890, 380420,                                             380420, 1.8087095022201538, 104.71456909179688
320, -207.3322859480977, 1, 33.68906436799989, 830, 381250,                                             381250, 1.962158441543579, 105.37628936767578
321, -262.4617917537689, 1, 36.54889011399973, 953, 382203,                                             382203, 1.886851191520691, 104.78413391113281
322, -155.56522484123707, 1, 27.144268546000603, 695, 382898,                                             382898, 1.8880666494369507, 104.7576904296875
323, -150.27285119891167, 1, 21.35313521199987, 550, 383448,                                             383448, 1.933316707611084, 104.37355041503906
324, -173.49503272771835, 1, 15.868080831000043, 400, 383848,                                             383848, 1.839870810508728, 104.25700378417969
325, -153.4793693125248, 1, 24.126688130999355, 622, 384470,                                             384470, 1.8899973630905151, 104.58505249023438
326, -96.19186478853226, 1, 21.97116361799999, 563, 385033,                                             385033, 1.9176695346832275, 104.34709930419922
327, -154.46266900002956, 1, 21.35169883799972, 533, 385566,                                             385566, 1.881792426109314, 103.86443328857422
328, -309.62334240972996, 1, 33.196602557000006, 811, 386377,                                             386377, 1.8942821025848389, 104.04109191894531
329, -145.07014329731464, 1, 26.98704957999962, 668, 387045,                                             387045, 1.8484981060028076, 103.70832061767578
330, -209.03983657062054, 1, 28.294008644000314, 702, 387747,                                             387747, 1.93715500831604, 103.65753173828125
331, -240.73405441641808, 1, 26.80150673299977, 691, 388438,                                             388438, 1.8464664220809937, 103.2234878540039
332, -132.1620070040226, 1, 24.914787551999325, 647, 389085,                                             389085, 1.9171608686447144, 103.98628234863281
333, -168.5053088068962, 1, 19.706727656000112, 491, 389576,                                             389576, 1.8399733304977417, 103.01940155029297
334, -301.97719487547874, 1, 31.731265907000306, 808, 390384,                                             390384, 1.8748127222061157, 103.222900390625
335, -226.6340763270855, 1, 26.33675866700014, 665, 391049,                                             391049, 1.743363380432129, 102.7201156616211
336, -294.0485962331295, 1, 32.94811653399938, 832, 391881,                                             391881, 1.797734022140503, 102.66847229003906
337, -144.59158776700497, 1, 25.579656433999844, 657, 392538,                                             392538, 1.9076865911483765, 103.79817199707031
338, -199.0958160161972, 1, 27.71124976400006, 702, 393240,                                             393240, 1.9219211339950562, 102.82262420654297
339, -164.27468582987785, 1, 23.493918041000143, 600, 393840,                                             393840, 1.90032958984375, 103.2582778930664
340, -258.54440954327583, 1, 22.53036634, 578, 394418,                                             394418, 1.902133584022522, 102.83446502685547
341, -228.8194086253643, 1, 29.559319856999537, 757, 395175,                                             395175, 1.8572640419006348, 102.71469116210938
342, -42.559306770563126, 1, 11.316813424999964, 282, 395457,                                             395457, 1.811506986618042, 102.95100402832031
343, -297.1891503185034, 1, 35.1441001459998, 902, 396359,                                             396359, 1.835265040397644, 102.70858001708984
344, -85.30888159573078, 1, 15.503802920999988, 391, 396750,                                             396750, 2.0028209686279297, 102.08247375488281
345, -269.9162160754204, 1, 35.94814672300072, 908, 397658,                                             397658, 1.8649226427078247, 102.17607879638672
346, -189.0736492574215, 1, 27.34299098199972, 710, 398368,                                             398368, 1.9179116487503052, 101.6805648803711
347, -75.81566083431244, 1, 13.129641135000384, 333, 398701,                                             398701, 1.8728338479995728, 102.01939392089844
348, -248.86763334274292, 1, 25.104027216999384, 647, 399348,                                             399348, 1.874542236328125, 101.96183013916016
349, -124.94643524289131, 1, 14.53582226799972, 367, 399715,                                             399715, 1.7798575162887573, 101.66254425048828
350, -125.84206283092499, 1, 24.101346654000736, 613, 400328,                                             400328, 1.874502182006836, 101.6964111328125
351, -199.17744773626328, 1, 30.777389588000005, 777, 401105,                                             401105, 1.8008801937103271, 101.96198272705078
352, -131.90517546236515, 1, 23.305882833000396, 553, 401658,                                             401658, 1.8376269340515137, 101.767578125
353, -183.5901561677456, 1, 20.094697027999246, 514, 402172,                                             402172, 1.8277995586395264, 101.23384857177734
354, -201.71618612110615, 1, 21.17010827299964, 539, 402711,                                             402711, 1.8569566011428833, 101.68640899658203
355, -192.65288797020912, 1, 29.518954397000016, 741, 403452,                                             403452, 1.7960697412490845, 101.44153594970703
356, -245.79938964545727, 1, 30.9934816949999, 760, 404212,                                             404212, 1.8136976957321167, 100.9592514038086
357, -249.37294393777847, 1, 38.114375189000384, 964, 405176,                                             405176, 1.8251817226409912, 100.7471923828125
358, -186.7082847505808, 1, 22.34463229300036, 573, 405749,                                             405749, 1.782906413078308, 100.82775115966797
359, -191.1539524793625, 1, 31.912596963000396, 802, 406551,                                             406551, 1.9295885562896729, 100.82769012451172
360, -271.9878507256508, 1, 31.7480276590004, 793, 407344,                                             407344, 1.7778573036193848, 100.45030975341797
361, -136.39390917122364, 1, 24.403013909000038, 607, 407951,                                             407951, 1.6582200527191162, 100.77887725830078
362, -198.87774854898453, 1, 20.466083377999894, 499, 408450,                                             408450, 1.833320140838623, 100.36555480957031
363, -373.03821727633476, 1, 36.555682690999674, 909, 409359,                                             409359, 1.903542399406433, 100.39451599121094
364, -120.74172370135784, 1, 22.56961443199998, 576, 409935,                                             409935, 1.675130009651184, 100.00440216064453
365, -106.35586531460285, 1, 22.51620602100047, 572, 410507,                                             410507, 1.8305401802062988, 99.91849517822266
366, -159.86917489767075, 1, 29.52996282699951, 736, 411243,                                             411243, 1.7634443044662476, 99.72452545166016
367, -199.0320065766573, 1, 29.9469737849995, 749, 411992,                                             411992, 1.7503044605255127, 99.93628692626953
368, -338.99084980785847, 1, 39.775510729000416, 1007, 412999,                                             412999, 1.8167898654937744, 99.30046844482422
369, -105.0600670427084, 1, 19.707117023000137, 487, 413486,                                             413486, 1.7297509908676147, 99.55223083496094
370, -136.4024666249752, 1, 16.741070741999465, 418, 413904,                                             413904, 1.9635646343231201, 99.28921508789062
371, -143.446622595191, 1, 22.338619881999875, 561, 414465,                                             414465, 1.7257418632507324, 99.17044067382812
372, -99.27892391383648, 1, 21.911548303000018, 544, 415009,                                             415009, 1.7962455749511719, 99.58118438720703
373, -110.31553602218628, 1, 16.9570155170004, 424, 415433,                                             415433, 1.7122504711151123, 99.18114471435547
374, -173.42711815238, 1, 17.677900956000485, 433, 415866,                                             415866, 1.8093738555908203, 99.3316650390625
375, -185.5818098783493, 1, 21.132823651999388, 523, 416389,                                             416389, 1.8033323287963867, 99.20872497558594
376, -119.7755343914032, 1, 16.53677027499998, 388, 416777,                                             416777, 1.680055022239685, 98.61023712158203
377, -235.131792858243, 1, 21.120603628000026, 529, 417306,                                             417306, 1.795198678970337, 99.09525299072266
378, -203.6901933848858, 1, 22.50614042899997, 556, 417862,                                             417862, 1.877461552619934, 99.35247039794922
379, -136.0711930990219, 1, 18.35986355299974, 459, 418321,                                             418321, 1.8078341484069824, 99.04328155517578
380, -224.10348963737488, 1, 22.30229566700018, 549, 418870,                                             418870, 1.8480584621429443, 98.80000305175781
381, -271.06792406737804, 1, 37.97071442499964, 945, 419815,                                             419815, 1.821974277496338, 98.51309204101562
382, -123.89566870033741, 1, 18.117750667999644, 445, 420260,                                             420260, 1.772003412246704, 98.80866241455078
383, -173.50860261917114, 1, 28.949804621999647, 711, 420971,                                             420971, 1.7525577545166016, 98.29901885986328
384, -125.10325166583061, 1, 24.176640441000018, 607, 421578,                                             421578, 1.7216147184371948, 98.36515045166016
385, -257.30308616161346, 1, 24.88403224800004, 618, 422196,                                             422196, 1.649746298789978, 97.80368041992188
386, -192.71700809895992, 1, 24.34122490699974, 602, 422798,                                             422798, 1.9123517274856567, 98.29265594482422
387, -191.42453983426094, 1, 23.013205809999818, 561, 423359,                                             423359, 1.7776528596878052, 97.93172454833984
388, -159.2941529005766, 1, 24.179594379000264, 607, 423966,                                             423966, 1.8169647455215454, 98.63654327392578
389, -194.37624669075012, 1, 29.607322820999798, 731, 424697,                                             424697, 1.766898512840271, 98.17002868652344
390, -175.66220112144947, 1, 27.139738765999937, 675, 425372,                                             425372, 1.7713255882263184, 97.49435424804688
391, -177.7320644557476, 1, 28.53139534999991, 699, 426071,                                             426071, 1.7381404638290405, 97.9542007446289
392, -191.6347196251154, 1, 32.969574408999506, 818, 426889,                                             426889, 1.8218940496444702, 97.2767105102539
393, -122.62825448811054, 1, 24.124559126999884, 583, 427472,                                             427472, 1.774863362312317, 97.83394622802734
394, -124.95047163963318, 1, 16.1592319450001, 399, 427871,                                             427871, 1.82229745388031, 97.59762573242188
395, -65.88491623103619, 1, 16.873703477000163, 411, 428282,                                             428282, 1.8798562288284302, 98.01383972167969
396, -155.2690274566412, 1, 18.303142556999774, 444, 428726,                                             428726, 1.7548846006393433, 97.374267578125
397, -181.32380206882954, 1, 27.782165840000744, 684, 429410,                                             429410, 1.766982078552246, 97.05709838867188
398, -133.1844700872898, 1, 28.317917689999376, 701, 430111,                                             430111, 1.7008793354034424, 96.64415740966797
399, -195.2350091636181, 1, 33.550252534999345, 826, 430937,                                             430937, 1.7319003343582153, 96.43093872070312
400, -113.61944562196732, 1, 21.905345707999913, 534, 431471,                                             431471, 1.759841799736023, 96.21599578857422
401, -211.57948412001133, 1, 28.282318691999535, 700, 432171,                                             432171, 1.7402173280715942, 96.4565658569336
402, -219.16632233560085, 1, 33.94856333300049, 835, 433006,                                             433006, 1.764283299446106, 96.80081176757812
403, -226.02550891041756, 1, 37.1615549600001, 916, 433922,                                             433922, 1.7102826833724976, 96.49250030517578
404, -197.83836561441422, 1, 31.544324812000013, 786, 434708,                                             434708, 1.7410417795181274, 96.03195190429688
405, -156.7021708190441, 1, 31.16576059399995, 768, 435476,                                             435476, 1.7188962697982788, 95.98043823242188
406, -117.78117330372334, 1, 25.319606224999916, 612, 436088,                                             436088, 1.7598488330841064, 96.00741577148438
407, -84.55380181968212, 1, 22.124449161000484, 540, 436628,                                             436628, 1.8351489305496216, 95.43833923339844
408, -204.09466855227947, 1, 29.74087603499993, 732, 437360,                                             437360, 1.7231035232543945, 95.19357299804688
409, -178.69233739376068, 1, 30.348561074999452, 754, 438114,                                             438114, 1.845095157623291, 95.77701568603516
410, -96.24998763203621, 1, 18.15417016899937, 460, 438574,                                             438574, 1.8392003774642944, 95.80255889892578
411, -178.66561150550842, 1, 28.303115805000743, 687, 439261,                                             439261, 1.6858547925949097, 95.46314239501953
412, -104.13906987011433, 1, 20.733098695999615, 507, 439768,                                             439768, 1.779036283493042, 95.28392028808594
413, -73.8960011228919, 1, 16.956795572000374, 414, 440182,                                             440182, 1.8126766681671143, 94.68557739257812
414, -116.79082551598549, 1, 23.51176740200026, 592, 440774,                                             440774, 1.74553644657135, 94.90039825439453
415, -202.51163762807846, 1, 27.156005147999167, 655, 441429,                                             441429, 1.6642119884490967, 95.15276336669922
416, -135.25712431967258, 1, 27.130306936000125, 678, 442107,                                             442107, 1.862479567527771, 95.52342987060547
417, -76.40887719392776, 1, 22.488322104999497, 550, 442657,                                             442657, 1.8137905597686768, 94.78033447265625
418, -152.09505850076675, 1, 19.753485977999844, 483, 443140,                                             443140, 1.8312287330627441, 95.00244903564453
419, -202.79470217227936, 1, 30.720123361999867, 763, 443903,                                             443903, 1.7733973264694214, 94.87230682373047
420, -282.67182071506977, 1, 31.329625196000052, 769, 444672,                                             444672, 1.7806286811828613, 94.7972412109375
421, -232.36681774258614, 1, 35.14743255099984, 863, 445535,                                             445535, 1.708265781402588, 94.52978515625
422, -135.33817717432976, 1, 25.537006008999924, 626, 446161,                                             446161, 1.6689692735671997, 94.49797058105469
423, -102.61704781651497, 1, 18.710039070000676, 451, 446612,                                             446612, 1.6341930627822876, 94.24806213378906
424, -268.3376916348934, 1, 23.76929479899991, 582, 447194,                                             447194, 1.807000994682312, 94.33527374267578
425, -175.13132631778717, 1, 25.11576993699964, 616, 447810,                                             447810, 1.6885572671890259, 94.29257202148438
426, -125.94687715172768, 1, 18.89901358499992, 457, 448267,                                             448267, 1.710878849029541, 94.4288558959961
427, -160.7127906680107, 1, 20.324097820000134, 501, 448768,                                             448768, 1.8054535388946533, 94.1043701171875
428, -120.23868301510811, 1, 25.77668045000064, 642, 449410,                                             449410, 1.8274894952774048, 94.11380767822266
429, -49.854238361120224, 1, 12.2688048050004, 296, 449706,                                             449706, 1.820605754852295, 94.34382629394531
430, -108.252670109272, 1, 21.166820522999842, 524, 450230,                                             450230, 1.6881296634674072, 94.11809539794922
431, -160.67135858535767, 1, 31.31971452899961, 766, 450996,                                             450996, 1.7161530256271362, 94.49201202392578
432, -98.12186354398727, 1, 21.7373976279996, 529, 451525,                                             451525, 1.5995978116989136, 94.205078125
433, -163.43231523036957, 1, 26.928170355000475, 654, 452179,                                             452179, 1.710996150970459, 93.70079803466797
434, -32.183202877640724, 1, 17.906711730999632, 436, 452615,                                             452615, 1.7622405290603638, 93.51663208007812
435, -55.814130529761314, 1, 20.753860007000185, 501, 453116,                                             453116, 1.6979418992996216, 94.32623291015625
436, -53.2799736559391, 1, 15.707811837000008, 378, 453494,                                             453494, 1.6659824848175049, 93.20564270019531
437, -173.72718255221844, 1, 32.53056272000049, 795, 454289,                                             454289, 1.7466380596160889, 93.79558563232422
438, -115.05995960533619, 1, 23.15717623600085, 562, 454851,                                             454851, 1.7600080966949463, 93.2029800415039
439, -44.992446929216385, 1, 14.096718899000734, 344, 455195,                                             455195, 1.633172631263733, 92.89134216308594
440, -62.427412912249565, 1, 17.744202408000092, 431, 455626,                                             455626, 1.8107893466949463, 93.5423583984375
441, -173.64802914857864, 1, 28.336054168000373, 699, 456325,                                             456325, 1.7317731380462646, 93.24823760986328
442, -152.09296491742134, 1, 27.929819839999254, 671, 456996,                                             456996, 1.7309666872024536, 93.42977142333984
443, -58.38043591380119, 1, 15.512125735999689, 376, 457372,                                             457372, 1.7062759399414062, 93.01373291015625
444, -85.3755545169115, 1, 20.552124685000308, 495, 457867,                                             457867, 1.7044591903686523, 92.70101928710938
445, -80.30565489828587, 1, 22.505811613000333, 542, 458409,                                             458409, 1.7749723196029663, 93.13862609863281
446, -259.8569197654724, 1, 32.54595296000025, 774, 459183,                                             459183, 1.7059452533721924, 93.02283477783203
447, -114.42247031629086, 1, 27.516364154000257, 560, 459743,                                             459743, 1.8271554708480835, 92.46351623535156
448, -78.2372622564435, 1, 25.51403060499979, 462, 460205,                                             460205, 1.7828221321105957, 92.54450225830078
449, -46.931456387043, 1, 13.139600950000386, 307, 460512,                                             460512, 1.6661255359649658, 92.08235168457031
450, -175.2576456964016, 1, 24.698754017999818, 567, 461079,                                             461079, 1.694793701171875, 92.43228912353516
451, -122.85174164175987, 1, 16.075038347000373, 384, 461463,                                             461463, 1.7101746797561646, 92.27633666992188
452, -60.35088770091534, 1, 18.951925179000682, 423, 461886,                                             461886, 1.671834945678711, 92.90084838867188
453, -235.78468066453934, 1, 26.90446488500038, 647, 462533,                                             462533, 1.7004618644714355, 92.28109741210938
454, -105.36211188137531, 1, 25.739112765000755, 602, 463135,                                             463135, 1.6651344299316406, 91.97689056396484
455, -121.64710533618927, 1, 17.344262305000484, 413, 463548,                                             463548, 1.774579405784607, 92.53023529052734
456, -283.77974849939346, 1, 30.33134268199956, 713, 464261,                                             464261, 1.7326483726501465, 91.98424530029297
457, -182.23763443529606, 1, 31.33147879399985, 728, 464989,                                             464989, 1.7655612230300903, 92.26942443847656
458, -56.72759284079075, 1, 14.113809628000126, 335, 465324,                                             465324, 1.6908166408538818, 93.20828247070312
459, -32.00865702331066, 1, 17.74074661800023, 392, 465716,                                             465716, 1.7882126569747925, 92.49205017089844
460, -134.5351201146841, 1, 26.509552321999763, 603, 466319,                                             466319, 1.71481454372406, 91.59180450439453
461, -203.25451558828354, 1, 28.067885581000155, 640, 466959,                                             466959, 1.616722822189331, 91.18091583251953
462, -101.76476684212685, 1, 21.912826017000043, 511, 467470,                                             467470, 1.8430367708206177, 92.35820007324219
463, -65.47399920225143, 1, 18.760083852000207, 456, 467926,                                             467926, 1.6629260778427124, 91.53453826904297
464, -97.33061702549458, 1, 22.12449579299937, 526, 468452,                                             468452, 1.738886833190918, 91.64832305908203
465, -115.02129329741001, 1, 26.327723944000354, 627, 469079,                                             469079, 1.78339684009552, 91.68169403076172
466, -47.06150597333908, 1, 11.930586173999473, 286, 469365,                                             469365, 1.7764761447906494, 91.5113296508789
467, -308.40955179929733, 1, 27.333406822000143, 661, 470026,                                             470026, 1.7802952527999878, 91.94734191894531
468, -232.2302186191082, 1, 27.116072324000015, 647, 470673,                                             470673, 1.731492280960083, 91.66068267822266
469, -277.29105469584465, 1, 25.135975863000567, 606, 471279,                                             471279, 1.7586019039154053, 91.65332794189453
470, -191.44016095995903, 1, 27.920865837000747, 664, 471943,                                             471943, 1.5709662437438965, 91.00650024414062
471, -51.37839795649052, 1, 16.13958515899958, 393, 472336,                                             472336, 1.8253321647644043, 90.93643951416016
472, -177.66138181090355, 1, 21.917833789000724, 520, 472856,                                             472856, 1.7565386295318604, 91.88953399658203
473, -280.3460892736912, 1, 28.734632308000073, 691, 473547,                                             473547, 1.7749334573745728, 91.49273681640625
474, -178.43755236268044, 1, 32.73657159999948, 778, 474325,                                             474325, 1.7517105340957642, 90.94586181640625
475, -69.36278626322746, 1, 13.555214339000486, 322, 474647,                                             474647, 1.6309890747070312, 91.52348327636719
476, -116.8278875425458, 1, 23.500830794999274, 555, 475202,                                             475202, 1.6085165739059448, 91.30413818359375
477, -55.66379818320274, 1, 12.094314832000236, 284, 475486,                                             475486, 1.8028088808059692, 91.63887023925781
478, -49.69638215005398, 1, 15.538581023000006, 366, 475852,                                             475852, 1.672044277191162, 90.99956512451172
479, -115.07908813655376, 1, 26.126440047999495, 590, 476442,                                             476442, 1.62448251247406, 90.61067962646484
480, -81.9895406961441, 1, 20.711761852000564, 476, 476918,                                             476918, 1.7813646793365479, 90.74991607666016
481, -36.712973311543465, 1, 14.320587629999864, 330, 477248,                                             477248, 1.6566263437271118, 90.44609832763672
482, -195.70942403376102, 1, 31.940063467999607, 746, 477994,                                             477994, 1.6436458826065063, 90.43721771240234
483, -198.4197854846716, 1, 30.336531179000303, 714, 478708,                                             478708, 1.719490647315979, 90.61021423339844
484, -186.32588689029217, 1, 29.314878641000178, 691, 479399,                                             479399, 1.7058993577957153, 90.08662414550781
485, -117.31835934519768, 1, 19.33315684899935, 457, 479856,                                             479856, 1.7607301473617554, 90.7577896118164
486, -332.19985541701317, 1, 43.78087117399991, 1037, 480893,                                             480893, 1.72917902469635, 90.30691528320312
487, -59.35402351617813, 1, 15.350051018998784, 366, 481259,                                             481259, 1.7467191219329834, 89.98548126220703
488, -132.5230471342802, 1, 24.67229432500062, 584, 481843,                                             481843, 1.665292501449585, 89.94725036621094
489, -49.47213037312031, 1, 11.942978502998812, 284, 482127,                                             482127, 1.7450568675994873, 89.94001007080078
490, -129.34222221374512, 1, 19.967380905000027, 475, 482602,                                             482602, 1.6936523914337158, 90.25562286376953
491, -231.03117084503174, 1, 29.865037352999934, 706, 483308,                                             483308, 1.7521631717681885, 90.1845474243164
492, -414.1548614501953, 1, 41.577589077000084, 982, 484290,                                             484290, 1.7391135692596436, 89.98646545410156
493, -142.32247427105904, 1, 17.095538474000932, 401, 484691,                                             484691, 1.7797132730484009, 90.15764617919922
494, -119.29683943092823, 1, 24.121712763000687, 567, 485258,                                             485258, 1.6091549396514893, 89.94474792480469
495, -114.98937577009201, 1, 26.52208405300007, 621, 485879,                                             485879, 1.7204053401947021, 90.11180114746094
496, -148.05395030230284, 1, 27.38587398799973, 642, 486521,                                             486521, 1.7495225667953491, 90.04167938232422
497, -105.84679725766182, 1, 17.28535087599994, 404, 486925,                                             486925, 1.6088476181030273, 89.54351806640625
498, -133.26896396279335, 1, 27.34054275299968, 644, 487569,                                             487569, 1.64602792263031, 90.08973693847656
499, -52.64946177601814, 1, 14.734742168999219, 345, 487914,                                             487914, 1.6313351392745972, 90.18241882324219
500, -60.776791736483574, 1, 16.68100392800079, 385, 488299,                                             488299, 1.6555724143981934, 89.40684509277344
501, -295.8973205983639, 1, 27.892771949000235, 651, 488950,                                             488950, 1.6407470703125, 89.18660736083984
