episode, reward, success, duration, steps, total_steps, memory length, avg_critic_loss, avg_actor_loss
501, -44.46322554349899, 1, 2.836945528000001, 191, 488490,                                             191, 0.0, 0.0
502, -1409.7544694840908, 1, 22.48352822299998, 1533, 490023,                                             1724, 0.0, 0.0
503, -1636.562288761139, 2, 5.122279431000038, 329, 490352,                                             2053, 0.0, 0.0
504, -619.747888803482, 1, 15.34072579399998, 1040, 491392,                                             3093, 0.0, 0.0
505, -2547.6960934102535, 1, 23.36476161600001, 1560, 492952,                                             4653, 0.0, 0.0
506, -1333.2272912561893, 1, 15.155506884999966, 951, 493903,                                             5604, 0.0, 0.0
507, -1738.5458869338036, 2, 5.917097903000013, 370, 494273,                                             5974, 0.0, 0.0
508, -782.8305969834328, 1, 13.154371077000008, 945, 495218,                                             6919, 0.0, 0.0
509, -1600.2117679417133, 2, 4.78602992499998, 341, 495559,                                             7260, 0.0, 0.0
510, -67.70488595962524, 1, 3.1282331859999886, 229, 495788,                                             7489, 0.0, 0.0
511, -2474.645846515894, 2, 19.69820041700001, 1436, 497224,                                             8925, 0.0, 0.0
512, -1852.7426058351994, 1, 13.345256471000027, 982, 498206,                                             9907, 0.0, 0.0
513, -2005.8281869590282, 2, 15.752043301000015, 1131, 499337,                                             11038, 0.0, 0.0
514, -1217.2863909602165, 1, 17.556459934999964, 1255, 500592,                                             12293, 0.0, 0.0
515, -1033.7098943591118, 2, 2.905924696999989, 183, 500775,                                             12476, 0.0, 0.0
516, -2093.202950388193, 1, 18.96217193000001, 1346, 502121,                                             13822, 0.0, 0.0
517, -1738.457029223442, 2, 12.727732542000012, 839, 502960,                                             14661, 0.0, 0.0
518, -574.0120095610619, 1, 14.149097119000032, 1005, 503965,                                             15666, 0.0, 0.0
519, -3889.015639215708, 2, 25.560729276000018, 1804, 505769,                                             17470, 0.0, 0.0
520, -682.383519589901, 1, 12.327983672000016, 852, 506621,                                             18322, 0.0, 0.0
521, -2009.9245584607124, 2, 10.592532011000003, 759, 507380,                                             19081, 0.0, 0.0
522, -468.57530668377876, 1, 10.539619964999929, 755, 508135,                                             19836, 0.0, 0.0
523, -1435.3358427882195, 1, 18.34069569799999, 1286, 509421,                                             21122, 0.0, 0.0
524, -649.3956112861633, 2, 1.115616128000056, 68, 509489,                                             21190, 0.0, 0.0
525, -339.6749850511551, 1, 8.923708443999999, 650, 510139,                                             21840, 0.0, 0.0
526, -1593.4710649847984, 2, 17.958944664, 1281, 511420,                                             23121, 0.0, 0.0
527, -1880.1426901817322, 2, 13.950252911000007, 1014, 512434,                                             24135, 0.0, 0.0
528, -96.7280185520649, 1, 4.510404956000002, 312, 512746,                                             24447, 0.0, 0.0
529, -1020.3133959472179, 1, 19.159353707999912, 1360, 514106,                                             25807, 0.0, 0.0
530, -1921.028815060854, 1, 19.413460084999997, 1391, 515497,                                             27198, 0.0, 0.0
531, -2834.6383861005306, 2, 24.23867708199998, 1730, 517227,                                             28928, 0.0, 0.0
532, -912.438445776701, 1, 13.13930790500001, 914, 518141,                                             29842, 0.0, 0.0
533, -1244.8792272210121, 2, 2.706175587999951, 175, 518316,                                             30017, 0.0, 0.0
534, -286.00130791962147, 1, 9.537129166, 671, 518987,                                             30688, 0.0, 0.0
535, -2484.394950956106, 2, 17.14533346199994, 1187, 520174,                                             31875, 0.0, 0.0
536, -369.13374312222004, 1, 7.7312967919999664, 541, 520715,                                             32416, 0.0, 0.0
537, -2803.9438182115555, 1, 24.62259613599997, 1748, 522463,                                             34164, 0.0, 0.0
538, -1048.5144228339195, 2, 3.72381968600007, 251, 522714,                                             34415, 0.0, 0.0
539, -500.4169181585312, 1, 11.742150951999974, 837, 523551,                                             35252, 0.0, 0.0
540, -1318.1478910446167, 2, 11.141507776000026, 742, 524293,                                             35994, 0.0, 0.0
541, -2155.321473836899, 2, 13.784595045999936, 1030, 525323,                                             37024, 0.0, 0.0
542, -262.21443113684654, 1, 5.511135127999978, 410, 525733,                                             37434, 0.0, 0.0
543, -3380.2678586244583, 1, 22.555674006999993, 1673, 527406,                                             39107, 0.0, 0.0
544, -1656.9519477784634, 2, 10.138128149999943, 750, 528156,                                             39857, 0.0, 0.0
545, -2401.3381147384644, 2, 13.732970768999962, 997, 529153,                                             40854, 0.0, 0.0
546, -1537.1888344883919, 2, 12.14770322000004, 893, 530046,                                             41747, 0.0, 0.0
547, -111.25936253368855, 1, 4.122188325000025, 310, 530356,                                             42057, 0.0, 0.0
548, -1058.3314323723316, 1, 20.089926461999994, 1492, 531848,                                             43549, 0.0, 0.0
549, -1110.129104912281, 2, 5.514999776999957, 370, 532218,                                             43919, 0.0, 0.0
550, -1550.04305434227, 1, 18.484352010000066, 1251, 533469,                                             45170, 0.0, 0.0
551, -1111.7018721103668, 2, 3.1686218940000117, 211, 533680,                                             45381, 0.0, 0.0
552, -226.84812781214714, 1, 8.736761851000097, 587, 534267,                                             45968, 0.0, 0.0
553, -2026.1412318646908, 2, 16.467675858999996, 1123, 535390,                                             47091, 0.0, 0.0
554, -713.2853946685791, 1, 10.128052921999938, 672, 536062,                                             47763, 0.0, 0.0
555, -1385.76034347713, 1, 21.52423094400001, 1527, 537589,                                             49290, 0.0, 0.0
556, -762.689477622509, 2, 2.5059582160000673, 146, 537735,                                             49436, 0.0, 0.0
557, -3985.5339280813932, 4, 49.71294995000005, 1961, 539696,                                             51397, 1.0568137168884277, 40.08439254760742
558, -687.5995011627674, 2, 11.949028902000009, 402, 540098,                                             51799, 1.4729304313659668, 60.58917236328125
559, -3745.028896532953, 4, 49.54080903699992, 1657, 541755,                                             53456, 1.5652674436569214, 63.951847076416016
560, -3365.4911269545555, 4, 50.224388740999984, 1688, 543443,                                             55144, 1.7887368202209473, 69.77426147460938
561, -2536.4244412332773, 2, 36.15762266699994, 1255, 544698,                                             56399, 2.0165116786956787, 75.08771514892578
562, 32.7218976020813, 1, 4.324013268000044, 147, 544845,                                             56546, 2.1774098873138428, 77.90677642822266
563, -771.3218736052513, 1, 21.12346187199978, 742, 545587,                                             57288, 2.1515960693359375, 78.04430389404297
564, -701.5742356777191, 2, 2.9202889929999856, 99, 545686,                                             57387, 2.3213400840759277, 79.16024780273438
565, -115.18850229680538, 1, 11.67242180900007, 401, 546087,                                             57788, 2.2999775409698486, 80.23709106445312
566, -761.391821205616, 2, 7.533904836000147, 260, 546347,                                             58048, 2.248281955718994, 80.69078063964844
567, -1857.0570009350777, 2, 32.73516880500006, 1142, 547489,                                             59190, 2.459148406982422, 83.0506591796875
568, -1254.9160582721233, 2, 15.754761073000054, 546, 548035,                                             59736, 2.5926012992858887, 85.43138885498047
569, -573.5191266238689, 1, 12.052537197999982, 418, 548453,                                             60154, 2.684337615966797, 86.87113952636719
570, -492.61469197273254, 1, 26.34872866400019, 923, 549376,                                             61077, 2.7242026329040527, 88.00836944580078
571, -606.3915971815586, 2, 6.752975331000016, 234, 549610,                                             61311, 2.893768310546875, 89.52882385253906
572, -69.1545181274414, 1, 7.329318932999968, 253, 549863,                                             61564, 2.9443318843841553, 90.67155456542969
573, -1282.1060012578964, 2, 15.67178223399992, 539, 550402,                                             62103, 2.9031407833099365, 91.16514587402344
574, -276.81692975759506, 1, 7.534182267000006, 258, 550660,                                             62361, 3.00417160987854, 91.78485107421875
